102   1.633179e+00   1.854363e+00   1.894524e+00   1.084155e+00   1.788031e+00   1.512775e+00   1.386863e+00   3.016038e+00   8.796641e+00   1.251207e+00   1.958562e+00   1.089521e+00   1.662829e+00   1.404712e+00   1.255304e+00   1.574763e+01   3.316685e+01   1.199909e+00   1.349230e+00   1.755154e+00   204 
103   1.612012e+00   1.862874e+00   1.853203e+00   1.076740e+00   1.804571e+00   1.497849e+00   1.385026e+00   3.016525e+00   8.649243e+00   1.257964e+00   2.035047e+00   1.096741e+00   1.678593e+00   1.401961e+00   1.241878e+00   1.465230e+01   3.061403e+01   1.200147e+00   1.347444e+00   1.771774e+00   206 
113   1.434836e+00   1.669112e+00   1.285462e+00   1.039851e+00   1.593162e+00   1.266133e+00   1.490808e+00   2.246106e+00   1.721099e+00   1.194365e+00   1.547682e+00   1.221083e+00   1.490663e+00   1.274183e+00   1.345652e+00   4.021598e+00   5.141724e+00   1.186857e+00   1.258588e+00   2.052791e+00   226 
113   1.431645e+00   1.662827e+00   1.281130e+00   1.040196e+00   1.592145e+00   1.263916e+00   1.491814e+00   2.228965e+00   1.693958e+00   1.194720e+00   1.529556e+00   1.218786e+00   1.492737e+00   1.270835e+00   1.344309e+00   3.949463e+00   5.024293e+00   1.185490e+00   1.257693e+00   2.035365e+00   227 
116   1.417670e+00   1.629565e+00   1.261294e+00   1.032119e+00   1.567518e+00   1.244603e+00   1.537208e+00   2.175444e+00   1.564885e+00   1.180202e+00   1.445867e+00   1.240379e+00   1.572483e+00   1.230314e+00   1.372066e+00   3.640588e+00   4.379098e+00   1.158216e+00   1.256052e+00   1.944565e+00   233 
119   1.480143e+00   1.614363e+00   1.269381e+00   1.032464e+00   1.600944e+00   1.311508e+00   1.677308e+00   2.201022e+00   1.450549e+00   1.236654e+00   1.319490e+00   1.327379e+00   1.505631e+00   1.237647e+00   1.419756e+00   3.510400e+00   3.737535e+00   1.097232e+00   1.280817e+00   2.033586e+00   238 
119   1.482348e+00   1.606601e+00   1.272582e+00   1.031850e+00   1.603733e+00   1.313108e+00   1.679484e+00   2.211249e+00   1.448404e+00   1.235847e+00   1.315076e+00   1.330045e+00   1.500191e+00   1.235997e+00   1.420412e+00   3.467461e+00   3.721532e+00   1.095858e+00   1.283818e+00   2.025818e+00   239 
121   1.476957e+00   1.650015e+00   1.262755e+00   1.015427e+00   1.562663e+00   1.328811e+00   1.673897e+00   2.242761e+00   1.278110e+00   1.217322e+00   1.211620e+00   1.364159e+00   1.513599e+00   1.208911e+00   1.445443e+00   3.163799e+00   3.268451e+00   1.087246e+00   1.303905e+00   2.014182e+00   243 
123   1.445452e+00   1.610551e+00   1.257625e+00   1.011259e+00   1.522485e+00   1.337756e+00   1.705520e+00   2.280651e+00   1.225885e+00   1.200633e+00   1.161544e+00   1.367848e+00   1.472985e+00   1.194054e+00   1.446547e+00   2.765014e+00   2.771743e+00   1.073261e+00   1.303864e+00   1.864189e+00   247 
124   1.438935e+00   1.596902e+00   1.253728e+00   1.011334e+00   1.512135e+00   1.332226e+00   1.697314e+00   2.297500e+00   1.214950e+00   1.193762e+00   1.162302e+00   1.357393e+00   1.463981e+00   1.194763e+00   1.447083e+00   2.720014e+00   2.715484e+00   1.071590e+00   1.303025e+00   1.852494e+00   248 
125   1.288300e+00   1.372887e+00   1.215414e+00   1.013132e+00   1.382528e+00   1.218212e+00   1.624548e+00   2.331121e+00   1.190655e+00   1.181868e+00   1.181362e+00   1.279231e+00   1.452041e+00   1.114729e+00   1.379506e+00   2.634382e+00   2.376456e+00   1.075652e+00   1.333406e+00   1.560578e+00   250 
129   1.267674e+00   1.398212e+00   1.211074e+00   1.022881e+00   1.318545e+00   1.215276e+00   1.772400e+00   2.527449e+00   1.206652e+00   1.223689e+00   1.182467e+00   1.309025e+00   1.498495e+00   1.143578e+00   1.490994e+00   2.154128e+00   1.915130e+00   1.092556e+00   1.306784e+00   1.462401e+00   258 
132   1.255508e+00   1.415051e+00   1.196873e+00   1.019474e+00   1.300563e+00   1.193164e+00   1.771681e+00   2.456518e+00   1.216476e+00   1.217602e+00   1.188717e+00   1.306241e+00   1.476920e+00   1.150251e+00   1.488521e+00   2.041546e+00   1.819134e+00   1.098864e+00   1.281842e+00   1.473098e+00   264 
133   1.254038e+00   1.419863e+00   1.184693e+00   1.019747e+00   1.297147e+00   1.196465e+00   1.723656e+00   2.403532e+00   1.184861e+00   1.215470e+00   1.183792e+00   1.288388e+00   1.403490e+00   1.150879e+00   1.467158e+00   1.930365e+00   1.697236e+00   1.099606e+00   1.268951e+00   1.465065e+00   266 
133   1.240649e+00   1.399571e+00   1.184166e+00   1.019369e+00   1.269733e+00   1.193212e+00   1.623028e+00   2.304538e+00   1.167997e+00   1.196429e+00   1.160182e+00   1.290129e+00   1.387266e+00   1.129228e+00   1.448579e+00   1.901682e+00   1.680076e+00   1.094540e+00   1.211937e+00   1.465315e+00   267 
137   1.198617e+00   1.422896e+00   1.218402e+00   1.029861e+00   1.272415e+00   1.167740e+00   1.693163e+00   2.143083e+00   1.162310e+00   1.135990e+00   1.145857e+00   1.358182e+00   1.303454e+00   1.123448e+00   1.348160e+00   1.790408e+00   1.668422e+00   1.096429e+00   1.112410e+00   1.521984e+00   275 
139   1.181188e+00   1.440017e+00   1.212351e+00   1.032737e+00   1.239183e+00   1.171714e+00   1.695049e+00   2.132339e+00   1.167949e+00   1.130370e+00   1.158852e+00   1.380391e+00   1.319750e+00   1.125879e+00   1.341925e+00   1.814112e+00   1.643726e+00   1.096627e+00   1.098040e+00   1.577249e+00   278 
142   1.132159e+00   1.453576e+00   1.206808e+00   1.094781e+00   1.077068e+00   1.171241e+00   1.587076e+00   1.907638e+00   1.103939e+00   1.119186e+00   1.100154e+00   1.212134e+00   1.152285e+00   1.174362e+00   1.267680e+00   1.929084e+00   1.332061e+00   1.086966e+00   1.070534e+00   1.589992e+00   284 
143   1.131476e+00   1.474338e+00   1.206114e+00   1.099457e+00   1.072538e+00   1.178884e+00   1.572032e+00   1.916297e+00   1.107698e+00   1.138772e+00   1.114570e+00   1.223271e+00   1.152180e+00   1.177721e+00   1.272098e+00   1.946803e+00   1.326635e+00   1.090148e+00   1.073872e+00   1.592819e+00   287 
150   1.102833e+00   1.518424e+00   1.172489e+00   1.088763e+00   1.039588e+00   1.149115e+00   1.452387e+00   1.864707e+00   1.052895e+00   1.168911e+00   1.100795e+00   1.178362e+00   1.138489e+00   1.116622e+00   1.244628e+00   1.884119e+00   1.273930e+00   1.105931e+00   1.063372e+00   1.375778e+00   301 
151   1.098898e+00   1.515655e+00   1.182400e+00   1.067629e+00   1.036313e+00   1.139718e+00   1.428116e+00   1.846781e+00   1.052476e+00   1.157412e+00   1.101342e+00   1.164598e+00   1.143871e+00   1.133123e+00   1.225995e+00   1.827039e+00   1.265329e+00   1.102594e+00   1.061498e+00   1.370650e+00   303 
152   1.087743e+00   1.499279e+00   1.187002e+00   1.062685e+00   1.034079e+00   1.117655e+00   1.434470e+00   1.806190e+00   1.060689e+00   1.153876e+00   1.103045e+00   1.152331e+00   1.127326e+00   1.159575e+00   1.221642e+00   1.676523e+00   1.260739e+00   1.081687e+00   1.056456e+00   1.345827e+00   304 
153   1.069981e+00   1.476860e+00   1.187653e+00   1.033912e+00   1.028506e+00   1.092614e+00   1.395631e+00   1.795135e+00   1.067242e+00   1.145157e+00   1.101981e+00   1.147905e+00   1.108109e+00   1.199542e+00   1.158651e+00   1.567975e+00   1.260247e+00   1.085999e+00   1.056640e+00   1.307568e+00   306 
153   1.066353e+00   1.474059e+00   1.184282e+00   1.034571e+00   1.026799e+00   1.086979e+00   1.396744e+00   1.790856e+00   1.070883e+00   1.147934e+00   1.102894e+00   1.150910e+00   1.105062e+00   1.199615e+00   1.157894e+00   1.553840e+00   1.252105e+00   1.083793e+00   1.056695e+00   1.292793e+00   307 
156   1.041085e+00   1.413405e+00   1.133235e+00   1.031458e+00   1.012340e+00   1.074378e+00   1.419651e+00   1.765293e+00   1.045836e+00   1.162090e+00   1.098892e+00   1.141846e+00   1.132498e+00   1.225692e+00   1.159848e+00   1.426758e+00   1.219822e+00   1.092982e+00   1.022699e+00   1.216375e+00   313 
157   1.048589e+00   1.396469e+00   1.132845e+00   1.030768e+00   1.011055e+00   1.075080e+00   1.407039e+00   1.743504e+00   1.039580e+00   1.156443e+00   1.100682e+00   1.145896e+00   1.139013e+00   1.221902e+00   1.171670e+00   1.402680e+00   1.205019e+00   1.092116e+00   1.026738e+00   1.190409e+00   314 
158   1.043709e+00   1.388745e+00   1.128897e+00   1.030556e+00   1.008638e+00   1.067014e+00   1.409612e+00   1.743157e+00   1.037412e+00   1.161401e+00   1.098983e+00   1.149102e+00   1.144524e+00   1.222464e+00   1.173491e+00   1.385179e+00   1.200312e+00   1.095411e+00   1.029812e+00   1.167954e+00   316 
159   1.043777e+00   1.376511e+00   1.126025e+00   1.031668e+00   1.008859e+00   1.063582e+00   1.410158e+00   1.732311e+00   1.035779e+00   1.162367e+00   1.097464e+00   1.147805e+00   1.143836e+00   1.223861e+00   1.175035e+00   1.362483e+00   1.189230e+00   1.099457e+00   1.031719e+00   1.158258e+00   319 
160   1.040647e+00   1.360435e+00   1.125729e+00   1.033774e+00   1.012147e+00   1.060110e+00   1.417552e+00   1.712674e+00   1.040497e+00   1.138655e+00   1.112469e+00   1.142506e+00   1.155801e+00   1.213480e+00   1.173029e+00   1.350996e+00   1.171551e+00   1.086842e+00   1.022112e+00   1.155290e+00   320 
161   1.028721e+00   1.347346e+00   1.114037e+00   1.050530e+00   1.011337e+00   1.057069e+00   1.395116e+00   1.725136e+00   1.035687e+00   1.123839e+00   1.060758e+00   1.144599e+00   1.191146e+00   1.214535e+00   1.174351e+00   1.320301e+00   1.174808e+00   1.100251e+00   1.013886e+00   1.141399e+00   323 
162   1.027357e+00   1.325761e+00   1.105678e+00   1.050241e+00   1.010754e+00   1.055168e+00   1.397066e+00   1.712684e+00   1.034646e+00   1.123583e+00   1.061048e+00   1.139571e+00   1.195563e+00   1.203769e+00   1.174279e+00   1.298811e+00   1.166772e+00   1.105047e+00   1.013936e+00   1.133348e+00   325 
164   1.023870e+00   1.277614e+00   1.090714e+00   1.054121e+00   1.010739e+00   1.047090e+00   1.392402e+00   1.671395e+00   1.027503e+00   1.125945e+00   1.056325e+00   1.137761e+00   1.214416e+00   1.188911e+00   1.179256e+00   1.197174e+00   1.148139e+00   1.114498e+00   1.014775e+00   1.100964e+00   329 
165   1.019848e+00   1.277887e+00   1.091799e+00   1.052757e+00   1.011405e+00   1.039760e+00   1.399741e+00   1.669062e+00   1.026646e+00   1.130617e+00   1.057064e+00   1.140256e+00   1.215205e+00   1.188200e+00   1.183904e+00   1.190344e+00   1.140815e+00   1.114720e+00   1.015513e+00   1.092285e+00   331 
169   1.013267e+00   1.260102e+00   1.090073e+00   1.049991e+00   1.012909e+00   1.032165e+00   1.429880e+00   1.638847e+00   1.023639e+00   1.139265e+00   1.052051e+00   1.154341e+00   1.230757e+00   1.161881e+00   1.179108e+00   1.159604e+00   1.135937e+00   1.122431e+00   1.011857e+00   1.085223e+00   338 
169   1.014154e+00   1.250512e+00   1.087837e+00   1.049189e+00   1.013499e+00   1.031275e+00   1.431476e+00   1.624767e+00   1.022438e+00   1.139888e+00   1.049186e+00   1.153954e+00   1.225098e+00   1.154445e+00   1.180794e+00   1.158933e+00   1.128963e+00   1.123582e+00   1.011610e+00   1.085838e+00   339 
171   1.011236e+00   1.227664e+00   1.074105e+00   1.051123e+00   1.011171e+00   1.030603e+00   1.422970e+00   1.578498e+00   1.021574e+00   1.146994e+00   1.048067e+00   1.153605e+00   1.189472e+00   1.138134e+00   1.191320e+00   1.154419e+00   1.113717e+00   1.135173e+00   1.012634e+00   1.084454e+00   342 
176   1.010076e+00   1.189196e+00   1.086888e+00   1.041530e+00   1.020970e+00   1.014974e+00   1.417444e+00   1.393137e+00   1.032343e+00   1.196057e+00   1.058947e+00   1.183439e+00   1.151865e+00   1.158733e+00   1.154876e+00   1.151612e+00   1.097446e+00   1.151267e+00   1.028263e+00   1.062266e+00   353 
178   1.013150e+00   1.169115e+00   1.089894e+00   1.039429e+00   1.028709e+00   1.016098e+00   1.398593e+00   1.354053e+00   1.032406e+00   1.212858e+00   1.054969e+00   1.207839e+00   1.132829e+00   1.166216e+00   1.144179e+00   1.148661e+00   1.099219e+00   1.155528e+00   1.032884e+00   1.057915e+00   356 
179   1.015395e+00   1.162764e+00   1.088550e+00   1.043091e+00   1.030208e+00   1.020588e+00   1.350108e+00   1.353540e+00   1.034622e+00   1.189306e+00   1.053751e+00   1.224608e+00   1.127415e+00   1.163203e+00   1.112696e+00   1.151447e+00   1.103703e+00   1.137851e+00   1.035254e+00   1.058236e+00   358 
180   1.014714e+00   1.154110e+00   1.083161e+00   1.045234e+00   1.039550e+00   1.030010e+00   1.341730e+00   1.325689e+00   1.027937e+00   1.166630e+00   1.037750e+00   1.210721e+00   1.131176e+00   1.167556e+00   1.114503e+00   1.133604e+00   1.091882e+00   1.124087e+00   1.039587e+00   1.033283e+00   361 
185   1.030703e+00   1.173330e+00   1.131322e+00   1.054569e+00   1.069795e+00   1.045839e+00   1.357278e+00   1.325443e+00   1.018033e+00   1.102211e+00   1.014925e+00   1.100015e+00   1.127200e+00   1.107769e+00   1.087547e+00   1.124531e+00   1.075208e+00   1.103466e+00   1.016257e+00   1.024631e+00   370 
185   1.031896e+00   1.161828e+00   1.128675e+00   1.056055e+00   1.068594e+00   1.044349e+00   1.352453e+00   1.322937e+00   1.017272e+00   1.100323e+00   1.012166e+00   1.100738e+00   1.132565e+00   1.090932e+00   1.090238e+00   1.118421e+00   1.068492e+00   1.091991e+00   1.020845e+00   1.024102e+00   371 
188   1.036254e+00   1.142593e+00   1.113158e+00   1.062219e+00   1.056041e+00   1.044596e+00   1.308041e+00   1.297859e+00   1.021092e+00   1.073940e+00   1.016021e+00   1.109174e+00   1.128005e+00   1.087016e+00   1.071344e+00   1.134600e+00   1.061608e+00   1.072568e+00   1.023905e+00   1.016929e+00   377 
190   1.037505e+00   1.135580e+00   1.110636e+00   1.062148e+00   1.056277e+00   1.046249e+00   1.300106e+00   1.287437e+00   1.022866e+00   1.067336e+00   1.015132e+00   1.109029e+00   1.121945e+00   1.082177e+00   1.071842e+00   1.132637e+00   1.062928e+00   1.076067e+00   1.025164e+00   1.016722e+00   380 
191   1.043068e+00   1.092178e+00   1.092521e+00   1.060988e+00   1.058269e+00   1.048620e+00   1.298790e+00   1.284426e+00   1.019670e+00   1.065556e+00   1.021931e+00   1.107557e+00   1.099648e+00   1.055725e+00   1.088516e+00   1.106164e+00   1.059441e+00   1.096987e+00   1.038099e+00   1.018933e+00   382 
192   1.044758e+00   1.080652e+00   1.085157e+00   1.055489e+00   1.064618e+00   1.053018e+00   1.297602e+00   1.282596e+00   1.021193e+00   1.065005e+00   1.035234e+00   1.104639e+00   1.073794e+00   1.043592e+00   1.100261e+00   1.104739e+00   1.059419e+00   1.108427e+00   1.043891e+00   1.021900e+00   384 
194   1.044248e+00   1.081042e+00   1.083884e+00   1.061405e+00   1.063683e+00   1.052728e+00   1.271498e+00   1.273568e+00   1.023959e+00   1.061419e+00   1.038854e+00   1.101133e+00   1.074452e+00   1.042651e+00   1.107071e+00   1.104314e+00   1.064763e+00   1.106112e+00   1.041461e+00   1.023893e+00   388 
196   1.042946e+00   1.081456e+00   1.077295e+00   1.078854e+00   1.060295e+00   1.047022e+00   1.252466e+00   1.270934e+00   1.022675e+00   1.054841e+00   1.040136e+00   1.094360e+00   1.078195e+00   1.040509e+00   1.111026e+00   1.108062e+00   1.063141e+00   1.102342e+00   1.042406e+00   1.023733e+00   392 
197   1.043077e+00   1.080681e+00   1.074131e+00   1.086684e+00   1.056914e+00   1.044909e+00   1.249864e+00   1.264152e+00   1.021093e+00   1.052084e+00   1.041630e+00   1.091122e+00   1.077821e+00   1.038676e+00   1.115104e+00   1.110234e+00   1.061352e+00   1.102159e+00   1.040858e+00   1.025986e+00   395 
202   1.053220e+00   1.083363e+00   1.063233e+00   1.102900e+00   1.049841e+00   1.037828e+00   1.231338e+00   1.214917e+00   1.016751e+00   1.032103e+00   1.046044e+00   1.075886e+00   1.079012e+00   1.022779e+00   1.105055e+00   1.123943e+00   1.051168e+00   1.116666e+00   1.045935e+00   1.021168e+00   404 
203   1.055427e+00   1.085638e+00   1.060706e+00   1.100618e+00   1.052429e+00   1.037774e+00   1.226114e+00   1.205916e+00   1.016786e+00   1.027800e+00   1.050463e+00   1.076905e+00   1.074949e+00   1.025891e+00   1.109836e+00   1.118867e+00   1.055034e+00   1.131095e+00   1.050701e+00   1.019873e+00   406 
204   1.055065e+00   1.082742e+00   1.059209e+00   1.098336e+00   1.047654e+00   1.035597e+00   1.206507e+00   1.192916e+00   1.016152e+00   1.021889e+00   1.058594e+00   1.075589e+00   1.075935e+00   1.021911e+00   1.116714e+00   1.112700e+00   1.054831e+00   1.131057e+00   1.057025e+00   1.021356e+00   409 
205   1.055003e+00   1.083668e+00   1.059230e+00   1.096063e+00   1.047759e+00   1.035703e+00   1.204166e+00   1.192862e+00   1.015545e+00   1.021193e+00   1.058962e+00   1.076355e+00   1.077071e+00   1.020959e+00   1.118151e+00   1.113970e+00   1.054866e+00   1.132467e+00   1.057987e+00   1.021167e+00   410 
208   1.059497e+00   1.086760e+00   1.061957e+00   1.087846e+00   1.049066e+00   1.034815e+00   1.210045e+00   1.192310e+00   1.014183e+00   1.021068e+00   1.060506e+00   1.078410e+00   1.077170e+00   1.019002e+00   1.122504e+00   1.115478e+00   1.053790e+00   1.141182e+00   1.064799e+00   1.019172e+00   417 
209   1.059714e+00   1.086785e+00   1.062412e+00   1.086969e+00   1.050698e+00   1.034932e+00   1.211529e+00   1.193144e+00   1.014654e+00   1.021484e+00   1.060975e+00   1.078472e+00   1.078130e+00   1.019207e+00   1.122600e+00   1.115382e+00   1.053659e+00   1.141648e+00   1.064925e+00   1.018897e+00   418 
210   1.060505e+00   1.084831e+00   1.062892e+00   1.088315e+00   1.049373e+00   1.034980e+00   1.216030e+00   1.192079e+00   1.014338e+00   1.022067e+00   1.061395e+00   1.080003e+00   1.079527e+00   1.018195e+00   1.124159e+00   1.117826e+00   1.055361e+00   1.143063e+00   1.065270e+00   1.018341e+00   420 
212   1.062463e+00   1.081748e+00   1.064023e+00   1.090463e+00   1.045781e+00   1.034154e+00   1.209438e+00   1.185503e+00   1.016116e+00   1.022447e+00   1.061247e+00   1.076200e+00   1.079902e+00   1.019296e+00   1.123377e+00   1.123655e+00   1.054046e+00   1.137454e+00   1.067110e+00   1.019547e+00   424 
212   1.061886e+00   1.081944e+00   1.063404e+00   1.092982e+00   1.043869e+00   1.034592e+00   1.208666e+00   1.185778e+00   1.015290e+00   1.022292e+00   1.060845e+00   1.077562e+00   1.075274e+00   1.021189e+00   1.123430e+00   1.123541e+00   1.053772e+00   1.127908e+00   1.067404e+00   1.020279e+00   425 
215   1.060910e+00   1.081194e+00   1.064798e+00   1.090670e+00   1.050221e+00   1.042906e+00   1.214446e+00   1.213073e+00   1.022286e+00   1.029732e+00   1.065265e+00   1.080347e+00   1.075052e+00   1.032679e+00   1.138484e+00   1.117992e+00   1.055645e+00   1.091698e+00   1.078979e+00   1.025203e+00   431 
216   1.061450e+00   1.080341e+00   1.067123e+00   1.091098e+00   1.052097e+00   1.043950e+00   1.214951e+00   1.218148e+00   1.023577e+00   1.030834e+00   1.065548e+00   1.079829e+00   1.075320e+00   1.032934e+00   1.139075e+00   1.119851e+00   1.054148e+00   1.090739e+00   1.079634e+00   1.025967e+00   433 
217   1.064193e+00   1.082221e+00   1.071393e+00   1.091707e+00   1.055779e+00   1.045606e+00   1.209195e+00   1.219748e+00   1.023724e+00   1.030883e+00   1.065991e+00   1.078082e+00   1.073052e+00   1.034393e+00   1.140257e+00   1.117920e+00   1.055080e+00   1.085419e+00   1.081545e+00   1.028858e+00   435 
219   1.066645e+00   1.084735e+00   1.074736e+00   1.087155e+00   1.057883e+00   1.045535e+00   1.209364e+00   1.219882e+00   1.025696e+00   1.032041e+00   1.066703e+00   1.074774e+00   1.075247e+00   1.033998e+00   1.139762e+00   1.114542e+00   1.054318e+00   1.084513e+00   1.080911e+00   1.030463e+00   438 
221   1.068598e+00   1.087034e+00   1.079445e+00   1.080483e+00   1.057540e+00   1.044923e+00   1.203429e+00   1.214877e+00   1.025975e+00   1.030136e+00   1.065575e+00   1.071643e+00   1.075762e+00   1.034618e+00   1.139532e+00   1.109134e+00   1.051113e+00   1.085464e+00   1.080711e+00   1.030402e+00   442 
224   1.075203e+00   1.088273e+00   1.088061e+00   1.076474e+00   1.057084e+00   1.044437e+00   1.196003e+00   1.202130e+00   1.030483e+00   1.029829e+00   1.066225e+00   1.070074e+00   1.085048e+00   1.036751e+00   1.140026e+00   1.101759e+00   1.050456e+00   1.089944e+00   1.078449e+00   1.030448e+00   448 
225   1.079319e+00   1.087273e+00   1.089866e+00   1.072914e+00   1.054667e+00   1.045017e+00   1.197334e+00   1.209258e+00   1.030527e+00   1.029475e+00   1.064623e+00   1.067123e+00   1.083982e+00   1.037152e+00   1.130615e+00   1.095392e+00   1.049194e+00   1.086175e+00   1.075416e+00   1.028273e+00   450 
228   1.097138e+00   1.111687e+00   1.111569e+00   1.059892e+00   1.052416e+00   1.056864e+00   1.226346e+00   1.216565e+00   1.031650e+00   1.038548e+00   1.056877e+00   1.053476e+00   1.088933e+00   1.040132e+00   1.109766e+00   1.070535e+00   1.027907e+00   1.071617e+00   1.078164e+00   1.021146e+00   456 
233   1.087145e+00   1.103400e+00   1.101142e+00   1.062900e+00   1.037704e+00   1.048591e+00   1.214558e+00   1.187598e+00   1.042124e+00   1.040989e+00   1.060792e+00   1.046771e+00   1.078885e+00   1.045380e+00   1.111456e+00   1.057473e+00   1.023608e+00   1.065142e+00   1.073655e+00   1.018202e+00   466 
237   1.093656e+00   1.110572e+00   1.128803e+00   1.082091e+00   1.034284e+00   1.051408e+00   1.194326e+00   1.129223e+00   1.057515e+00   1.045422e+00   1.068582e+00   1.025344e+00   1.088099e+00   1.047637e+00   1.122971e+00   1.066122e+00   1.021499e+00   1.062267e+00   1.080938e+00   1.027018e+00   474 
242   1.088271e+00   1.109366e+00   1.115838e+00   1.086775e+00   1.040272e+00   1.047922e+00   1.159517e+00   1.118052e+00   1.063991e+00   1.051796e+00   1.078701e+00   1.010970e+00   1.086146e+00   1.042030e+00   1.155333e+00   1.065716e+00   1.025201e+00   1.059585e+00   1.082868e+00   1.028677e+00   484 
243   1.094799e+00   1.111592e+00   1.124810e+00   1.083107e+00   1.041179e+00   1.053731e+00   1.147112e+00   1.115933e+00   1.067508e+00   1.050503e+00   1.081753e+00   1.008357e+00   1.089353e+00   1.040473e+00   1.160148e+00   1.063575e+00   1.024512e+00   1.054744e+00   1.086809e+00   1.030605e+00   487 
244   1.099766e+00   1.111238e+00   1.129149e+00   1.086719e+00   1.041088e+00   1.057762e+00   1.141766e+00   1.113429e+00   1.068908e+00   1.051974e+00   1.083086e+00   1.007972e+00   1.089698e+00   1.039026e+00   1.163685e+00   1.062648e+00   1.023787e+00   1.054777e+00   1.088845e+00   1.031511e+00   488 
245   1.095859e+00   1.117466e+00   1.129367e+00   1.079898e+00   1.039016e+00   1.057488e+00   1.140416e+00   1.111326e+00   1.071630e+00   1.053059e+00   1.086079e+00   1.008321e+00   1.091370e+00   1.036969e+00   1.171294e+00   1.064176e+00   1.023681e+00   1.055053e+00   1.081383e+00   1.029653e+00   491 
249   1.086322e+00   1.109987e+00   1.119692e+00   1.059339e+00   1.035641e+00   1.048948e+00   1.135043e+00   1.122483e+00   1.070410e+00   1.062477e+00   1.086075e+00   1.011588e+00   1.082959e+00   1.028086e+00   1.163462e+00   1.063549e+00   1.025481e+00   1.047293e+00   1.090033e+00   1.025862e+00   499 
250   1.080069e+00   1.114103e+00   1.115622e+00   1.059252e+00   1.031299e+00   1.044220e+00   1.136123e+00   1.120775e+00   1.072191e+00   1.062782e+00   1.084950e+00   1.013396e+00   1.081792e+00   1.029094e+00   1.164318e+00   1.062797e+00   1.029604e+00   1.045431e+00   1.089794e+00   1.025948e+00   500 
252   1.081371e+00   1.110300e+00   1.117819e+00   1.039692e+00   1.029765e+00   1.045339e+00   1.121984e+00   1.117223e+00   1.074814e+00   1.067711e+00   1.087486e+00   1.010970e+00   1.078683e+00   1.024911e+00   1.169918e+00   1.061887e+00   1.033702e+00   1.041178e+00   1.094370e+00   1.033952e+00   505 
253   1.081918e+00   1.104027e+00   1.118092e+00   1.036628e+00   1.030536e+00   1.045774e+00   1.117862e+00   1.112069e+00   1.075671e+00   1.064665e+00   1.087698e+00   1.010842e+00   1.077944e+00   1.025037e+00   1.173722e+00   1.062439e+00   1.033877e+00   1.040957e+00   1.093550e+00   1.032658e+00   506 
254   1.075755e+00   1.096374e+00   1.106508e+00   1.030881e+00   1.026886e+00   1.046321e+00   1.099424e+00   1.095073e+00   1.074837e+00   1.056939e+00   1.085214e+00   1.013370e+00   1.070947e+00   1.021770e+00   1.166333e+00   1.062334e+00   1.033040e+00   1.036601e+00   1.086016e+00   1.036538e+00   508 
254   1.074706e+00   1.094387e+00   1.106306e+00   1.029712e+00   1.026555e+00   1.046094e+00   1.092287e+00   1.092559e+00   1.074863e+00   1.054735e+00   1.081212e+00   1.014329e+00   1.071158e+00   1.021930e+00   1.165146e+00   1.060659e+00   1.031806e+00   1.034576e+00   1.082341e+00   1.037880e+00   509 
255   1.077831e+00   1.091439e+00   1.108956e+00   1.027296e+00   1.024940e+00   1.049550e+00   1.084756e+00   1.088741e+00   1.073854e+00   1.048299e+00   1.078549e+00   1.014767e+00   1.064974e+00   1.021314e+00   1.165275e+00   1.059716e+00   1.030917e+00   1.036557e+00   1.077670e+00   1.039305e+00   510 
255   1.078164e+00   1.090730e+00   1.109083e+00   1.027138e+00   1.024636e+00   1.049747e+00   1.083963e+00   1.087803e+00   1.073835e+00   1.048158e+00   1.077482e+00   1.014887e+00   1.065835e+00   1.021450e+00   1.163974e+00   1.059341e+00   1.030809e+00   1.036041e+00   1.075408e+00   1.038985e+00   511 
256   1.076843e+00   1.086918e+00   1.105399e+00   1.025763e+00   1.020404e+00   1.049034e+00   1.080254e+00   1.081275e+00   1.071427e+00   1.043066e+00   1.075007e+00   1.015353e+00   1.064937e+00   1.021637e+00   1.162957e+00   1.060909e+00   1.032411e+00   1.038350e+00   1.070293e+00   1.042119e+00   512 
256   1.072535e+00   1.085801e+00   1.101472e+00   1.025528e+00   1.019974e+00   1.048388e+00   1.080116e+00   1.078696e+00   1.071149e+00   1.042904e+00   1.074393e+00   1.015431e+00   1.067680e+00   1.019631e+00   1.162104e+00   1.060109e+00   1.033179e+00   1.040533e+00   1.063657e+00   1.042118e+00   513 
257   1.069759e+00   1.081265e+00   1.085716e+00   1.023719e+00   1.014148e+00   1.052010e+00   1.083529e+00   1.063122e+00   1.063355e+00   1.057365e+00   1.088020e+00   1.017518e+00   1.065013e+00   1.012258e+00   1.149199e+00   1.052109e+00   1.031876e+00   1.038000e+00   1.045317e+00   1.037985e+00   514 
257   1.070220e+00   1.080280e+00   1.085505e+00   1.023381e+00   1.013887e+00   1.053612e+00   1.078180e+00   1.064338e+00   1.062271e+00   1.055237e+00   1.086578e+00   1.017748e+00   1.063106e+00   1.010314e+00   1.146700e+00   1.053089e+00   1.034921e+00   1.035552e+00   1.041343e+00   1.038598e+00   515 
258   1.065731e+00   1.076129e+00   1.082110e+00   1.022333e+00   1.012790e+00   1.052016e+00   1.078328e+00   1.060645e+00   1.061341e+00   1.050816e+00   1.084878e+00   1.017595e+00   1.060696e+00   1.009819e+00   1.144881e+00   1.053025e+00   1.033692e+00   1.035723e+00   1.037033e+00   1.039766e+00   516 
258   1.067587e+00   1.070071e+00   1.083415e+00   1.019778e+00   1.011967e+00   1.053028e+00   1.078463e+00   1.055643e+00   1.063605e+00   1.048140e+00   1.083667e+00   1.018430e+00   1.061365e+00   1.010212e+00   1.143704e+00   1.052877e+00   1.030292e+00   1.036993e+00   1.036130e+00   1.040781e+00   517 
259   1.064615e+00   1.069192e+00   1.080715e+00   1.019571e+00   1.011646e+00   1.052077e+00   1.079173e+00   1.055399e+00   1.062904e+00   1.048099e+00   1.081446e+00   1.020005e+00   1.059311e+00   1.009744e+00   1.140148e+00   1.051508e+00   1.030850e+00   1.036088e+00   1.035551e+00   1.041271e+00   518 
259   1.046882e+00   1.068184e+00   1.066091e+00   1.019344e+00   1.011740e+00   1.048625e+00   1.081625e+00   1.049803e+00   1.058093e+00   1.054295e+00   1.074261e+00   1.022167e+00   1.058726e+00   1.008900e+00   1.124526e+00   1.049517e+00   1.029347e+00   1.031424e+00   1.028679e+00   1.041294e+00   519 
101   1.812080e+00   1.386533e+00   1.882555e+00   1.291559e+00   2.279511e+00   1.784842e+00   1.249268e+00   1.737148e+00   3.599736e+00   1.218241e+00   2.067977e+00   1.320863e+00   2.310998e+00   2.498244e+00   3.137677e+00   4.826620e+01   1.502457e+01   1.268866e+00   1.148712e+00   1.650118e+00   202 
101   1.810262e+00   1.387417e+00   1.881561e+00   1.284651e+00   2.267471e+00   1.777542e+00   1.249529e+00   1.726634e+00   3.557686e+00   1.220083e+00   2.070756e+00   1.312929e+00   2.300849e+00   2.500296e+00   3.130964e+00   4.544875e+01   1.498629e+01   1.266900e+00   1.148384e+00   1.644456e+00   203 
106   1.576752e+00   1.297350e+00   1.658121e+00   1.101525e+00   2.055134e+00   1.602983e+00   1.082096e+00   1.787271e+00   3.611537e+00   1.182813e+00   1.857016e+00   1.253798e+00   2.116008e+00   2.323647e+00   2.290737e+00   7.946075e+00   8.664969e+00   1.217158e+00   1.194790e+00   1.240520e+00   213 
107   1.538216e+00   1.330942e+00   1.648636e+00   1.132004e+00   2.025824e+00   1.583098e+00   1.091671e+00   1.747733e+00   3.573520e+00   1.178059e+00   1.804304e+00   1.248863e+00   2.077933e+00   2.262148e+00   2.199894e+00   7.503861e+00   8.621579e+00   1.187197e+00   1.198895e+00   1.232394e+00   214 
110   1.390478e+00   1.250511e+00   1.587194e+00   1.272162e+00   1.914626e+00   1.475598e+00   1.072892e+00   1.841644e+00   3.614551e+00   1.179049e+00   1.415385e+00   1.256486e+00   2.102472e+00   2.039810e+00   1.534890e+00   5.336043e+00   5.636466e+00   1.184472e+00   1.289988e+00   1.113375e+00   221 
112   1.416551e+00   1.253423e+00   1.631356e+00   1.310941e+00   1.991448e+00   1.497545e+00   1.081078e+00   1.874409e+00   3.895236e+00   1.217080e+00   1.377133e+00   1.303490e+00   2.232300e+00   2.165754e+00   1.373339e+00   5.184417e+00   5.516752e+00   1.233855e+00   1.298885e+00   1.127723e+00   225 
114   1.407844e+00   1.252748e+00   1.628228e+00   1.318283e+00   1.982586e+00   1.489163e+00   1.074907e+00   1.839382e+00   3.948085e+00   1.216736e+00   1.352934e+00   1.318342e+00   2.256354e+00   2.167856e+00   1.332325e+00   5.050183e+00   5.329933e+00   1.243739e+00   1.291526e+00   1.119712e+00   228 
114   1.413741e+00   1.237082e+00   1.619559e+00   1.328280e+00   1.944228e+00   1.472602e+00   1.060625e+00   1.716940e+00   3.810584e+00   1.223260e+00   1.275883e+00   1.321383e+00   2.242535e+00   2.156609e+00   1.303668e+00   4.994038e+00   5.264508e+00   1.255688e+00   1.294826e+00   1.116615e+00   229 
115   1.373394e+00   1.237050e+00   1.591849e+00   1.347685e+00   1.845437e+00   1.440646e+00   1.051860e+00   1.572181e+00   3.755115e+00   1.264111e+00   1.256703e+00   1.345439e+00   2.277850e+00   2.152025e+00   1.235491e+00   4.243713e+00   4.699729e+00   1.237789e+00   1.273886e+00   1.104133e+00   230 
116   1.350952e+00   1.237209e+00   1.593989e+00   1.344360e+00   1.758849e+00   1.400153e+00   1.048471e+00   1.509171e+00   3.558460e+00   1.256114e+00   1.251943e+00   1.358074e+00   2.257873e+00   2.192732e+00   1.145690e+00   3.162068e+00   4.163236e+00   1.240638e+00   1.263137e+00   1.076314e+00   233 
117   1.364188e+00   1.255873e+00   1.624942e+00   1.346465e+00   1.775583e+00   1.419235e+00   1.052370e+00   1.496258e+00   3.526193e+00   1.222363e+00   1.260961e+00   1.383739e+00   2.323025e+00   2.268410e+00   1.136374e+00   2.962542e+00   4.056525e+00   1.250171e+00   1.264675e+00   1.073417e+00   234 
120   1.494216e+00   1.358599e+00   1.808773e+00   1.399465e+00   1.601317e+00   1.360179e+00   1.062100e+00   1.388688e+00   3.536567e+00   1.166568e+00   1.278616e+00   1.469627e+00   2.126986e+00   1.783100e+00   1.137152e+00   2.431221e+00   2.618414e+00   1.405679e+00   1.144107e+00   1.018510e+00   240 
122   1.539227e+00   1.411478e+00   1.886167e+00   1.422368e+00   1.550282e+00   1.386668e+00   1.069652e+00   1.355788e+00   3.608112e+00   1.155007e+00   1.306775e+00   1.477954e+00   1.996697e+00   1.826105e+00   1.138614e+00   2.385809e+00   2.594949e+00   1.426428e+00   1.141989e+00   1.016241e+00   245 
123   1.541256e+00   1.423637e+00   1.910519e+00   1.414666e+00   1.532383e+00   1.388580e+00   1.072747e+00   1.357312e+00   3.511738e+00   1.157474e+00   1.302971e+00   1.444828e+00   1.969531e+00   1.842234e+00   1.149240e+00   2.352988e+00   2.401728e+00   1.395163e+00   1.130938e+00   1.019634e+00   247 
124   1.528408e+00   1.438728e+00   1.915042e+00   1.388361e+00   1.520282e+00   1.377832e+00   1.071593e+00   1.353017e+00   3.531154e+00   1.158364e+00   1.300109e+00   1.442037e+00   1.941644e+00   1.840539e+00   1.147248e+00   2.333070e+00   2.396709e+00   1.402558e+00   1.126334e+00   1.018062e+00   249 
125   1.508983e+00   1.451918e+00   1.900423e+00   1.375149e+00   1.516631e+00   1.344402e+00   1.064776e+00   1.328290e+00   3.426776e+00   1.170497e+00   1.283160e+00   1.425626e+00   1.819883e+00   1.825933e+00   1.138303e+00   2.302930e+00   2.365235e+00   1.355441e+00   1.097464e+00   1.016973e+00   251 
126   1.507996e+00   1.461663e+00   1.896372e+00   1.368948e+00   1.511507e+00   1.338902e+00   1.062769e+00   1.320957e+00   3.364649e+00   1.172798e+00   1.274086e+00   1.421983e+00   1.799735e+00   1.820200e+00   1.137982e+00   2.285157e+00   2.360774e+00   1.342215e+00   1.092843e+00   1.016928e+00   252 
127   1.487911e+00   1.443101e+00   1.891175e+00   1.323223e+00   1.481766e+00   1.311060e+00   1.056489e+00   1.325480e+00   3.263569e+00   1.200451e+00   1.239375e+00   1.378473e+00   1.685750e+00   1.770084e+00   1.136295e+00   2.258311e+00   2.204471e+00   1.328177e+00   1.076642e+00   1.017334e+00   254 
128   1.475582e+00   1.430594e+00   1.883411e+00   1.290737e+00   1.464296e+00   1.294432e+00   1.051029e+00   1.326359e+00   3.092639e+00   1.210484e+00   1.204696e+00   1.310455e+00   1.574493e+00   1.737421e+00   1.120167e+00   2.079656e+00   2.024406e+00   1.310730e+00   1.063373e+00   1.017542e+00   256 
129   1.445500e+00   1.432318e+00   1.822691e+00   1.275840e+00   1.456048e+00   1.273312e+00   1.037014e+00   1.319060e+00   2.939521e+00   1.190750e+00   1.190270e+00   1.225739e+00   1.464651e+00   1.669950e+00   1.105236e+00   1.907824e+00   1.977212e+00   1.300930e+00   1.059745e+00   1.016804e+00   259 
130   1.420201e+00   1.428028e+00   1.790323e+00   1.277473e+00   1.445868e+00   1.256671e+00   1.034073e+00   1.312551e+00   2.806473e+00   1.193743e+00   1.179504e+00   1.200234e+00   1.429020e+00   1.656327e+00   1.106701e+00   1.877054e+00   1.962367e+00   1.287488e+00   1.055430e+00   1.017126e+00   260 
131   1.407094e+00   1.413663e+00   1.766897e+00   1.251491e+00   1.426531e+00   1.236984e+00   1.019097e+00   1.295111e+00   2.476851e+00   1.126724e+00   1.167543e+00   1.143114e+00   1.310708e+00   1.598199e+00   1.103704e+00   1.801596e+00   1.864513e+00   1.263115e+00   1.047713e+00   1.021952e+00   262 
136   1.360816e+00   1.345214e+00   1.671141e+00   1.233121e+00   1.334404e+00   1.171249e+00   1.015988e+00   1.193670e+00   1.913539e+00   1.127356e+00   1.137377e+00   1.124968e+00   1.256900e+00   1.620790e+00   1.054535e+00   1.582954e+00   1.756612e+00   1.162093e+00   1.021179e+00   1.050817e+00   272 
136   1.358881e+00   1.344075e+00   1.667130e+00   1.230966e+00   1.333766e+00   1.169829e+00   1.015895e+00   1.193777e+00   1.904220e+00   1.125912e+00   1.137164e+00   1.125588e+00   1.255250e+00   1.620343e+00   1.054692e+00   1.580743e+00   1.747978e+00   1.161536e+00   1.020936e+00   1.050830e+00   273 
138   1.326961e+00   1.156572e+00   1.459391e+00   1.247224e+00   1.324175e+00   1.153437e+00   1.002343e+00   1.236788e+00   1.348092e+00   1.125390e+00   1.048645e+00   1.127668e+00   1.270622e+00   1.641556e+00   1.098938e+00   1.455550e+00   1.762839e+00   1.111144e+00   1.047892e+00   1.076003e+00   277 
143   1.350106e+00   1.119155e+00   1.419190e+00   1.235660e+00   1.244659e+00   1.160189e+00   1.010010e+00   1.207048e+00   1.244309e+00   1.123866e+00   1.033942e+00   1.095441e+00   1.228263e+00   1.667126e+00   1.093553e+00   1.411575e+00   1.525567e+00   1.121420e+00   1.053443e+00   1.097672e+00   287 
146   1.349552e+00   1.125391e+00   1.415059e+00   1.216614e+00   1.216388e+00   1.150843e+00   1.008675e+00   1.204204e+00   1.240790e+00   1.138963e+00   1.037026e+00   1.090116e+00   1.219458e+00   1.632498e+00   1.060774e+00   1.392029e+00   1.440722e+00   1.119076e+00   1.048855e+00   1.087966e+00   292 
147   1.337498e+00   1.126472e+00   1.400643e+00   1.204820e+00   1.204073e+00   1.146296e+00   1.010027e+00   1.205689e+00   1.237074e+00   1.143101e+00   1.040410e+00   1.088574e+00   1.215279e+00   1.597420e+00   1.050958e+00   1.397159e+00   1.429704e+00   1.114042e+00   1.050082e+00   1.080694e+00   294 
156   1.200729e+00   1.081269e+00   1.228996e+00   1.216771e+00   1.136412e+00   1.095226e+00   1.020505e+00   1.240746e+00   1.193770e+00   1.227907e+00   1.094490e+00   1.124134e+00   1.152358e+00   1.358763e+00   1.022042e+00   1.349700e+00   1.337856e+00   1.075065e+00   1.067587e+00   1.067977e+00   312 
157   1.195298e+00   1.083192e+00   1.224594e+00   1.244150e+00   1.130987e+00   1.099564e+00   1.023433e+00   1.244002e+00   1.188438e+00   1.255986e+00   1.093256e+00   1.133777e+00   1.138031e+00   1.346053e+00   1.017038e+00   1.330399e+00   1.328096e+00   1.068238e+00   1.072285e+00   1.069196e+00   315 
164   1.186803e+00   1.070949e+00   1.193372e+00   1.376231e+00   1.109214e+00   1.095452e+00   1.058435e+00   1.255694e+00   1.154690e+00   1.478444e+00   1.105050e+00   1.190357e+00   1.100630e+00   1.268383e+00   1.036021e+00   1.269527e+00   1.244601e+00   1.050734e+00   1.097279e+00   1.097180e+00   329 
166   1.176681e+00   1.073108e+00   1.182522e+00   1.389715e+00   1.107574e+00   1.089128e+00   1.059984e+00   1.260391e+00   1.160331e+00   1.479056e+00   1.122645e+00   1.193411e+00   1.097501e+00   1.253584e+00   1.042669e+00   1.253749e+00   1.214719e+00   1.052728e+00   1.106495e+00   1.098200e+00   332 
167   1.174136e+00   1.072484e+00   1.180337e+00   1.394318e+00   1.099257e+00   1.084729e+00   1.060147e+00   1.261455e+00   1.157218e+00   1.463446e+00   1.125481e+00   1.181131e+00   1.096213e+00   1.238696e+00   1.042706e+00   1.252277e+00   1.205222e+00   1.053190e+00   1.104806e+00   1.096490e+00   334 
168   1.148596e+00   1.071687e+00   1.164108e+00   1.434522e+00   1.084082e+00   1.072484e+00   1.063922e+00   1.266465e+00   1.152339e+00   1.443302e+00   1.135705e+00   1.149143e+00   1.096801e+00   1.245219e+00   1.044620e+00   1.268496e+00   1.204084e+00   1.060603e+00   1.119674e+00   1.105494e+00   337 
170   1.136310e+00   1.067249e+00   1.152169e+00   1.440592e+00   1.082828e+00   1.066405e+00   1.066004e+00   1.247014e+00   1.143351e+00   1.419936e+00   1.141162e+00   1.131917e+00   1.091949e+00   1.245873e+00   1.045363e+00   1.260869e+00   1.194668e+00   1.062546e+00   1.122912e+00   1.102753e+00   340 
170   1.135206e+00   1.066710e+00   1.150587e+00   1.437249e+00   1.082379e+00   1.064593e+00   1.065425e+00   1.246675e+00   1.142801e+00   1.415060e+00   1.141203e+00   1.128090e+00   1.092256e+00   1.245759e+00   1.045418e+00   1.259381e+00   1.194651e+00   1.062942e+00   1.121236e+00   1.099459e+00   341 
172   1.126684e+00   1.073497e+00   1.132854e+00   1.350377e+00   1.069192e+00   1.042377e+00   1.081055e+00   1.234614e+00   1.136167e+00   1.297966e+00   1.131109e+00   1.068123e+00   1.090363e+00   1.227104e+00   1.047660e+00   1.193587e+00   1.179949e+00   1.034540e+00   1.077426e+00   1.068113e+00   345 
175   1.130534e+00   1.088665e+00   1.130601e+00   1.286993e+00   1.058230e+00   1.046840e+00   1.078222e+00   1.252952e+00   1.133424e+00   1.206242e+00   1.114377e+00   1.058486e+00   1.092434e+00   1.258717e+00   1.050336e+00   1.153200e+00   1.174668e+00   1.038177e+00   1.073588e+00   1.063454e+00   350 
177   1.185880e+00   1.088547e+00   1.166528e+00   1.293851e+00   1.032832e+00   1.058746e+00   1.077385e+00   1.241537e+00   1.132518e+00   1.219285e+00   1.095139e+00   1.052652e+00   1.079555e+00   1.300276e+00   1.050350e+00   1.104454e+00   1.131952e+00   1.038211e+00   1.074467e+00   1.062750e+00   355 
179   1.173790e+00   1.088295e+00   1.152921e+00   1.300961e+00   1.025918e+00   1.063913e+00   1.084159e+00   1.239435e+00   1.122695e+00   1.204663e+00   1.094421e+00   1.044034e+00   1.083505e+00   1.267048e+00   1.055163e+00   1.097946e+00   1.123994e+00   1.036076e+00   1.078863e+00   1.067650e+00   359 
181   1.142691e+00   1.090843e+00   1.122987e+00   1.309641e+00   1.022421e+00   1.067243e+00   1.103456e+00   1.242245e+00   1.094186e+00   1.208113e+00   1.104720e+00   1.036329e+00   1.088227e+00   1.217627e+00   1.062800e+00   1.080518e+00   1.115282e+00   1.030629e+00   1.085364e+00   1.066311e+00   363 
182   1.120391e+00   1.090721e+00   1.110548e+00   1.311884e+00   1.019625e+00   1.059086e+00   1.106412e+00   1.242842e+00   1.097605e+00   1.212538e+00   1.107302e+00   1.033862e+00   1.089377e+00   1.211727e+00   1.065256e+00   1.078000e+00   1.117852e+00   1.031128e+00   1.088821e+00   1.065445e+00   365 
184   1.120703e+00   1.088599e+00   1.108359e+00   1.313510e+00   1.019447e+00   1.057834e+00   1.111173e+00   1.238717e+00   1.095925e+00   1.210701e+00   1.109674e+00   1.031609e+00   1.090458e+00   1.193768e+00   1.061455e+00   1.071908e+00   1.108624e+00   1.031610e+00   1.087923e+00   1.064998e+00   368 
187   1.085460e+00   1.113303e+00   1.075520e+00   1.350595e+00   1.059407e+00   1.063337e+00   1.137530e+00   1.266177e+00   1.112031e+00   1.222441e+00   1.152532e+00   1.024955e+00   1.083985e+00   1.212624e+00   1.081146e+00   1.073589e+00   1.113848e+00   1.046151e+00   1.102044e+00   1.096189e+00   375 
191   1.080060e+00   1.124662e+00   1.068913e+00   1.342791e+00   1.063839e+00   1.062378e+00   1.146649e+00   1.245779e+00   1.113460e+00   1.239533e+00   1.149470e+00   1.024791e+00   1.087192e+00   1.196067e+00   1.081270e+00   1.080779e+00   1.098386e+00   1.059544e+00   1.104617e+00   1.101187e+00   383 
196   1.078662e+00   1.113448e+00   1.058446e+00   1.335822e+00   1.074601e+00   1.065545e+00   1.174276e+00   1.249613e+00   1.119558e+00   1.262564e+00   1.133451e+00   1.022733e+00   1.087810e+00   1.180575e+00   1.102389e+00   1.087308e+00   1.084786e+00   1.058259e+00   1.122387e+00   1.099483e+00   393 
197   1.083455e+00   1.105610e+00   1.055892e+00   1.306787e+00   1.078940e+00   1.067919e+00   1.169378e+00   1.258238e+00   1.117896e+00   1.272386e+00   1.129866e+00   1.021314e+00   1.089653e+00   1.188005e+00   1.102416e+00   1.081131e+00   1.087144e+00   1.058759e+00   1.128315e+00   1.103322e+00   394 
200   1.107814e+00   1.081920e+00   1.057524e+00   1.249231e+00   1.092014e+00   1.083227e+00   1.136666e+00   1.307178e+00   1.148369e+00   1.236066e+00   1.111553e+00   1.019683e+00   1.094875e+00   1.208835e+00   1.083124e+00   1.074811e+00   1.091650e+00   1.061024e+00   1.161392e+00   1.102890e+00   400 
200   1.108854e+00   1.081487e+00   1.058085e+00   1.248034e+00   1.093202e+00   1.085009e+00   1.137907e+00   1.307321e+00   1.150130e+00   1.238417e+00   1.107539e+00   1.020230e+00   1.094844e+00   1.207501e+00   1.082048e+00   1.072299e+00   1.091058e+00   1.061303e+00   1.162924e+00   1.101190e+00   401 
205   1.102297e+00   1.064699e+00   1.067617e+00   1.232608e+00   1.129052e+00   1.099142e+00   1.189812e+00   1.324379e+00   1.155146e+00   1.270723e+00   1.065877e+00   1.017894e+00   1.108744e+00   1.235382e+00   1.065543e+00   1.070496e+00   1.105209e+00   1.076003e+00   1.134259e+00   1.106244e+00   411 
206   1.099834e+00   1.061742e+00   1.065106e+00   1.233926e+00   1.134131e+00   1.098292e+00   1.194173e+00   1.287340e+00   1.154092e+00   1.271646e+00   1.067563e+00   1.028702e+00   1.123793e+00   1.250081e+00   1.066355e+00   1.064310e+00   1.103692e+00   1.066758e+00   1.133626e+00   1.109268e+00   412 
211   1.091611e+00   1.048616e+00   1.052124e+00   1.256129e+00   1.155645e+00   1.098518e+00   1.209692e+00   1.255139e+00   1.144579e+00   1.290720e+00   1.061819e+00   1.034053e+00   1.151062e+00   1.261703e+00   1.063798e+00   1.080567e+00   1.102136e+00   1.045907e+00   1.155941e+00   1.101783e+00   422 
214   1.118688e+00   1.055999e+00   1.062839e+00   1.226053e+00   1.171509e+00   1.104624e+00   1.233641e+00   1.245486e+00   1.120476e+00   1.261796e+00   1.045665e+00   1.031196e+00   1.174923e+00   1.272523e+00   1.036095e+00   1.103351e+00   1.080993e+00   1.025828e+00   1.136760e+00   1.079900e+00   429 
216   1.117515e+00   1.060982e+00   1.056974e+00   1.220355e+00   1.167019e+00   1.086841e+00   1.238403e+00   1.238083e+00   1.123280e+00   1.279212e+00   1.045716e+00   1.028176e+00   1.171137e+00   1.276276e+00   1.033728e+00   1.121584e+00   1.072340e+00   1.023854e+00   1.145972e+00   1.067420e+00   432 
217   1.122913e+00   1.071726e+00   1.050422e+00   1.199903e+00   1.182686e+00   1.091444e+00   1.259603e+00   1.221059e+00   1.119592e+00   1.280241e+00   1.049590e+00   1.021313e+00   1.162723e+00   1.283090e+00   1.032259e+00   1.129985e+00   1.068078e+00   1.018645e+00   1.156463e+00   1.074583e+00   435 
219   1.127092e+00   1.071725e+00   1.050731e+00   1.197758e+00   1.186814e+00   1.093125e+00   1.257050e+00   1.215431e+00   1.119323e+00   1.268755e+00   1.048189e+00   1.019184e+00   1.158725e+00   1.278261e+00   1.033369e+00   1.130060e+00   1.071462e+00   1.015790e+00   1.167886e+00   1.078008e+00   439 
220   1.132408e+00   1.069344e+00   1.048444e+00   1.184007e+00   1.184451e+00   1.098330e+00   1.243948e+00   1.210439e+00   1.129811e+00   1.264666e+00   1.046718e+00   1.027957e+00   1.155471e+00   1.265848e+00   1.044222e+00   1.134926e+00   1.069169e+00   1.016743e+00   1.186305e+00   1.092131e+00   441 
225   1.097780e+00   1.054147e+00   1.026353e+00   1.210229e+00   1.158196e+00   1.075053e+00   1.231997e+00   1.105781e+00   1.060203e+00   1.253773e+00   1.034273e+00   1.049452e+00   1.106362e+00   1.196009e+00   1.045634e+00   1.130655e+00   1.103548e+00   1.006883e+00   1.218661e+00   1.093861e+00   451 
226   1.098319e+00   1.054342e+00   1.027982e+00   1.216043e+00   1.158931e+00   1.073915e+00   1.228977e+00   1.109193e+00   1.061136e+00   1.258261e+00   1.035652e+00   1.057085e+00   1.100710e+00   1.185388e+00   1.043262e+00   1.129735e+00   1.108018e+00   1.008149e+00   1.212310e+00   1.090637e+00   452 
226   1.099023e+00   1.054595e+00   1.029003e+00   1.222373e+00   1.159021e+00   1.072527e+00   1.226996e+00   1.111585e+00   1.061874e+00   1.264059e+00   1.037341e+00   1.065251e+00   1.096710e+00   1.180519e+00   1.041119e+00   1.129840e+00   1.110951e+00   1.009293e+00   1.194684e+00   1.085534e+00   453 
227   1.100538e+00   1.057465e+00   1.028287e+00   1.224552e+00   1.162860e+00   1.074692e+00   1.229624e+00   1.110660e+00   1.062334e+00   1.270559e+00   1.037652e+00   1.063246e+00   1.097019e+00   1.179840e+00   1.041473e+00   1.130085e+00   1.113462e+00   1.009945e+00   1.191664e+00   1.086835e+00   455 
228   1.116150e+00   1.064438e+00   1.031955e+00   1.229751e+00   1.163150e+00   1.085033e+00   1.230668e+00   1.112654e+00   1.079209e+00   1.271443e+00   1.041593e+00   1.064441e+00   1.095333e+00   1.168433e+00   1.037216e+00   1.129755e+00   1.106909e+00   1.010391e+00   1.164345e+00   1.087991e+00   456 
228   1.116983e+00   1.065180e+00   1.031871e+00   1.229831e+00   1.163187e+00   1.085985e+00   1.226476e+00   1.110416e+00   1.078988e+00   1.274721e+00   1.041684e+00   1.064366e+00   1.090181e+00   1.166613e+00   1.035405e+00   1.131026e+00   1.104578e+00   1.010314e+00   1.160743e+00   1.086895e+00   457 
229   1.118648e+00   1.071761e+00   1.029779e+00   1.241788e+00   1.166457e+00   1.091344e+00   1.226241e+00   1.101943e+00   1.072325e+00   1.283219e+00   1.039109e+00   1.070686e+00   1.085783e+00   1.163193e+00   1.042923e+00   1.133806e+00   1.105868e+00   1.016895e+00   1.147468e+00   1.086455e+00   458 
230   1.114424e+00   1.072150e+00   1.023177e+00   1.265299e+00   1.160790e+00   1.090972e+00   1.221013e+00   1.094927e+00   1.074914e+00   1.285383e+00   1.039030e+00   1.069840e+00   1.081502e+00   1.147998e+00   1.037696e+00   1.122022e+00   1.114541e+00   1.017390e+00   1.147231e+00   1.090192e+00   460 
231   1.111414e+00   1.072593e+00   1.021167e+00   1.264872e+00   1.157547e+00   1.088405e+00   1.217454e+00   1.087673e+00   1.074665e+00   1.284530e+00   1.039162e+00   1.070080e+00   1.076897e+00   1.141139e+00   1.036323e+00   1.115505e+00   1.112681e+00   1.018629e+00   1.140280e+00   1.088892e+00   462 
232   1.112185e+00   1.076103e+00   1.019178e+00   1.257595e+00   1.161044e+00   1.090967e+00   1.211765e+00   1.088003e+00   1.075555e+00   1.283907e+00   1.040022e+00   1.069685e+00   1.078320e+00   1.140912e+00   1.039918e+00   1.113965e+00   1.111629e+00   1.017167e+00   1.139056e+00   1.091759e+00   465 
234   1.116605e+00   1.087066e+00   1.014533e+00   1.252719e+00   1.168330e+00   1.090311e+00   1.218951e+00   1.078248e+00   1.080349e+00   1.291913e+00   1.047423e+00   1.069014e+00   1.090235e+00   1.140988e+00   1.040610e+00   1.102561e+00   1.122931e+00   1.017877e+00   1.135071e+00   1.120090e+00   468 
237   1.128734e+00   1.099589e+00   1.018054e+00   1.266049e+00   1.170484e+00   1.093679e+00   1.241045e+00   1.075202e+00   1.078499e+00   1.297492e+00   1.056128e+00   1.076696e+00   1.088470e+00   1.150542e+00   1.036255e+00   1.098402e+00   1.125180e+00   1.009041e+00   1.115694e+00   1.129054e+00   474 
238   1.133788e+00   1.098620e+00   1.020152e+00   1.266849e+00   1.183386e+00   1.101738e+00   1.235981e+00   1.075456e+00   1.077207e+00   1.290521e+00   1.056152e+00   1.076575e+00   1.091031e+00   1.149889e+00   1.032961e+00   1.102964e+00   1.125356e+00   1.010706e+00   1.115642e+00   1.133336e+00   476 
240   1.128716e+00   1.072205e+00   1.024024e+00   1.255448e+00   1.186249e+00   1.090941e+00   1.206685e+00   1.082238e+00   1.069906e+00   1.262661e+00   1.047649e+00   1.075786e+00   1.104618e+00   1.120173e+00   1.029922e+00   1.119851e+00   1.113593e+00   1.015210e+00   1.122717e+00   1.149790e+00   481 
241   1.129452e+00   1.071568e+00   1.024802e+00   1.253503e+00   1.188340e+00   1.092272e+00   1.205258e+00   1.082065e+00   1.070557e+00   1.262930e+00   1.047817e+00   1.075492e+00   1.104734e+00   1.118949e+00   1.029932e+00   1.119463e+00   1.114083e+00   1.015397e+00   1.122338e+00   1.148586e+00   482 
242   1.132960e+00   1.071682e+00   1.027600e+00   1.243696e+00   1.192374e+00   1.095710e+00   1.196423e+00   1.083275e+00   1.074465e+00   1.262341e+00   1.046805e+00   1.074423e+00   1.108122e+00   1.116182e+00   1.029791e+00   1.122191e+00   1.116718e+00   1.016788e+00   1.118286e+00   1.144909e+00   484 
242   1.131845e+00   1.069567e+00   1.028183e+00   1.240228e+00   1.192257e+00   1.094643e+00   1.195670e+00   1.082969e+00   1.074492e+00   1.257034e+00   1.045937e+00   1.073280e+00   1.108487e+00   1.117396e+00   1.028125e+00   1.119470e+00   1.116621e+00   1.017128e+00   1.117550e+00   1.144806e+00   485 
243   1.135641e+00   1.066121e+00   1.031445e+00   1.237438e+00   1.195130e+00   1.101094e+00   1.194993e+00   1.081322e+00   1.073459e+00   1.270759e+00   1.045118e+00   1.070503e+00   1.108884e+00   1.114158e+00   1.026118e+00   1.116037e+00   1.113325e+00   1.016888e+00   1.113989e+00   1.140019e+00   486 
244   1.136851e+00   1.062010e+00   1.034479e+00   1.223418e+00   1.193124e+00   1.103816e+00   1.162870e+00   1.072131e+00   1.074430e+00   1.264220e+00   1.044478e+00   1.064601e+00   1.107265e+00   1.114281e+00   1.025034e+00   1.115746e+00   1.119208e+00   1.018242e+00   1.114454e+00   1.134425e+00   488 
246   1.134224e+00   1.037816e+00   1.039818e+00   1.207757e+00   1.195359e+00   1.100162e+00   1.152748e+00   1.058370e+00   1.067060e+00   1.241854e+00   1.037709e+00   1.059812e+00   1.103309e+00   1.121200e+00   1.012533e+00   1.111623e+00   1.123784e+00   1.024202e+00   1.126602e+00   1.113322e+00   493 
247   1.134802e+00   1.033955e+00   1.043371e+00   1.195317e+00   1.199949e+00   1.099591e+00   1.151271e+00   1.055274e+00   1.064178e+00   1.242848e+00   1.034468e+00   1.060821e+00   1.102026e+00   1.131140e+00   1.009802e+00   1.113865e+00   1.121190e+00   1.024298e+00   1.133976e+00   1.109687e+00   494 
249   1.138299e+00   1.032645e+00   1.047983e+00   1.192974e+00   1.207445e+00   1.103865e+00   1.143583e+00   1.054972e+00   1.064616e+00   1.244399e+00   1.033830e+00   1.061611e+00   1.101580e+00   1.130003e+00   1.009502e+00   1.113615e+00   1.120235e+00   1.026319e+00   1.133668e+00   1.105073e+00   499 
250   1.140418e+00   1.032373e+00   1.049909e+00   1.192008e+00   1.210181e+00   1.105647e+00   1.142702e+00   1.055078e+00   1.065250e+00   1.243476e+00   1.033935e+00   1.062311e+00   1.101891e+00   1.128115e+00   1.009667e+00   1.112378e+00   1.119444e+00   1.026264e+00   1.132685e+00   1.103736e+00   500 
251   1.144948e+00   1.033315e+00   1.054147e+00   1.195215e+00   1.216180e+00   1.109639e+00   1.142752e+00   1.055513e+00   1.066040e+00   1.243172e+00   1.036578e+00   1.063267e+00   1.101672e+00   1.125788e+00   1.010017e+00   1.109362e+00   1.118777e+00   1.025996e+00   1.129310e+00   1.105187e+00   502 
251   1.144626e+00   1.033398e+00   1.054157e+00   1.194737e+00   1.215804e+00   1.109286e+00   1.142579e+00   1.055481e+00   1.066105e+00   1.243058e+00   1.036690e+00   1.063559e+00   1.102223e+00   1.126195e+00   1.009912e+00   1.109159e+00   1.118730e+00   1.025613e+00   1.129373e+00   1.105155e+00   503 
252   1.144299e+00   1.034260e+00   1.056007e+00   1.189583e+00   1.221319e+00   1.110828e+00   1.140393e+00   1.057309e+00   1.068686e+00   1.226870e+00   1.036202e+00   1.065157e+00   1.105453e+00   1.127901e+00   1.010555e+00   1.103582e+00   1.117494e+00   1.026575e+00   1.126292e+00   1.099456e+00   504 
252   1.145037e+00   1.034941e+00   1.056738e+00   1.185963e+00   1.224570e+00   1.112104e+00   1.136910e+00   1.060706e+00   1.069971e+00   1.220901e+00   1.036508e+00   1.066577e+00   1.108200e+00   1.129782e+00   1.010803e+00   1.097358e+00   1.116383e+00   1.028744e+00   1.119620e+00   1.096025e+00   505 
256   1.146406e+00   1.043335e+00   1.062347e+00   1.191751e+00   1.212509e+00   1.107872e+00   1.138609e+00   1.060477e+00   1.074830e+00   1.220139e+00   1.045761e+00   1.076315e+00   1.093599e+00   1.124679e+00   1.005899e+00   1.069377e+00   1.122248e+00   1.029373e+00   1.113082e+00   1.097575e+00   513 
258   1.148162e+00   1.045104e+00   1.063756e+00   1.196041e+00   1.207880e+00   1.108326e+00   1.139203e+00   1.063298e+00   1.078418e+00   1.222855e+00   1.048830e+00   1.077749e+00   1.090420e+00   1.125831e+00   1.005404e+00   1.059283e+00   1.124699e+00   1.028367e+00   1.108985e+00   1.093997e+00   516 
258   1.145860e+00   1.045094e+00   1.062603e+00   1.193889e+00   1.203044e+00   1.107030e+00   1.138870e+00   1.063396e+00   1.078254e+00   1.222568e+00   1.048658e+00   1.077142e+00   1.090582e+00   1.127286e+00   1.005373e+00   1.058959e+00   1.124911e+00   1.027761e+00   1.105766e+00   1.092141e+00   517 
259   1.150389e+00   1.044867e+00   1.066050e+00   1.194382e+00   1.199675e+00   1.108395e+00   1.135716e+00   1.065125e+00   1.079346e+00   1.220222e+00   1.049652e+00   1.075847e+00   1.089008e+00   1.127826e+00   1.004809e+00   1.059872e+00   1.124537e+00   1.026533e+00   1.102979e+00   1.091414e+00   518 
260   1.151267e+00   1.045726e+00   1.067099e+00   1.195709e+00   1.193242e+00   1.107625e+00   1.132863e+00   1.067246e+00   1.079235e+00   1.218611e+00   1.049599e+00   1.076276e+00   1.087986e+00   1.125970e+00   1.004735e+00   1.059905e+00   1.122552e+00   1.025165e+00   1.100998e+00   1.089774e+00   520 
262   1.150708e+00   1.052212e+00   1.070532e+00   1.192049e+00   1.165276e+00   1.101830e+00   1.120950e+00   1.082207e+00   1.073827e+00   1.245435e+00   1.056361e+00   1.073720e+00   1.093002e+00   1.120156e+00   1.004589e+00   1.064823e+00   1.117751e+00   1.023366e+00   1.091808e+00   1.092363e+00   524 
265   1.154728e+00   1.058420e+00   1.072546e+00   1.207401e+00   1.154957e+00   1.100073e+00   1.114953e+00   1.084519e+00   1.063897e+00   1.270941e+00   1.057700e+00   1.079302e+00   1.104152e+00   1.105539e+00   1.004977e+00   1.072696e+00   1.119418e+00   1.028019e+00   1.081493e+00   1.093435e+00   530 
268   1.123970e+00   1.053974e+00   1.059247e+00   1.195041e+00   1.128253e+00   1.086484e+00   1.094370e+00   1.090944e+00   1.048796e+00   1.261382e+00   1.051068e+00   1.081592e+00   1.116249e+00   1.104815e+00   1.004871e+00   1.075938e+00   1.102602e+00   1.026815e+00   1.071055e+00   1.091704e+00   537 
272   1.120455e+00   1.064066e+00   1.047305e+00   1.212526e+00   1.135383e+00   1.071891e+00   1.100512e+00   1.117894e+00   1.051909e+00   1.288139e+00   1.054086e+00   1.103906e+00   1.131630e+00   1.113639e+00   1.010738e+00   1.085767e+00   1.126042e+00   1.030555e+00   1.072133e+00   1.123213e+00   545 
273   1.119886e+00   1.063049e+00   1.045846e+00   1.213167e+00   1.134529e+00   1.071629e+00   1.100106e+00   1.117455e+00   1.051305e+00   1.288109e+00   1.054060e+00   1.104854e+00   1.132976e+00   1.114238e+00   1.010781e+00   1.085123e+00   1.126094e+00   1.030941e+00   1.071785e+00   1.125584e+00   546 
276   1.097430e+00   1.066011e+00   1.024600e+00   1.237011e+00   1.123795e+00   1.064191e+00   1.087779e+00   1.103787e+00   1.048118e+00   1.273609e+00   1.064520e+00   1.099656e+00   1.127283e+00   1.093900e+00   1.022795e+00   1.090105e+00   1.098620e+00   1.022830e+00   1.083344e+00   1.197304e+00   553 
280   1.078135e+00   1.076772e+00   1.018617e+00   1.237490e+00   1.113520e+00   1.048689e+00   1.092001e+00   1.101668e+00   1.052795e+00   1.246071e+00   1.065861e+00   1.065245e+00   1.130612e+00   1.087678e+00   1.025037e+00   1.090011e+00   1.086120e+00   1.015316e+00   1.072538e+00   1.199890e+00   560 
281   1.074373e+00   1.083173e+00   1.017891e+00   1.248589e+00   1.113079e+00   1.047820e+00   1.084366e+00   1.110901e+00   1.054273e+00   1.229275e+00   1.064289e+00   1.062972e+00   1.119662e+00   1.078498e+00   1.024538e+00   1.088055e+00   1.087156e+00   1.009968e+00   1.064099e+00   1.203295e+00   563 
282   1.075938e+00   1.082974e+00   1.018963e+00   1.258161e+00   1.117142e+00   1.049096e+00   1.086791e+00   1.115929e+00   1.055503e+00   1.223634e+00   1.064068e+00   1.061046e+00   1.122960e+00   1.073945e+00   1.023956e+00   1.088327e+00   1.084296e+00   1.009481e+00   1.065463e+00   1.204352e+00   565 
283   1.075545e+00   1.083736e+00   1.018292e+00   1.258473e+00   1.115039e+00   1.048291e+00   1.087311e+00   1.110979e+00   1.057193e+00   1.220739e+00   1.061970e+00   1.060980e+00   1.122356e+00   1.071229e+00   1.021609e+00   1.088105e+00   1.083075e+00   1.009917e+00   1.063849e+00   1.194034e+00   566 
284   1.063401e+00   1.086443e+00   1.015409e+00   1.247497e+00   1.092140e+00   1.042697e+00   1.083797e+00   1.098874e+00   1.064465e+00   1.199427e+00   1.053576e+00   1.057899e+00   1.110853e+00   1.066375e+00   1.020805e+00   1.085816e+00   1.075179e+00   1.012200e+00   1.053404e+00   1.173491e+00   568 
285   1.061578e+00   1.089524e+00   1.014951e+00   1.243603e+00   1.084691e+00   1.040321e+00   1.083131e+00   1.094954e+00   1.066699e+00   1.196762e+00   1.054034e+00   1.058956e+00   1.106357e+00   1.065645e+00   1.021367e+00   1.085337e+00   1.073097e+00   1.013317e+00   1.050386e+00   1.168653e+00   570 
286   1.059632e+00   1.090196e+00   1.014078e+00   1.246175e+00   1.082000e+00   1.038197e+00   1.083489e+00   1.094111e+00   1.067936e+00   1.197440e+00   1.054312e+00   1.059605e+00   1.105810e+00   1.065427e+00   1.020544e+00   1.085341e+00   1.074347e+00   1.013341e+00   1.050583e+00   1.167961e+00   572 
287   1.049225e+00   1.098788e+00   1.008834e+00   1.256288e+00   1.059625e+00   1.026358e+00   1.087593e+00   1.087655e+00   1.074787e+00   1.213212e+00   1.060232e+00   1.065695e+00   1.107118e+00   1.056506e+00   1.017140e+00   1.080378e+00   1.066326e+00   1.014531e+00   1.054518e+00   1.158529e+00   574 
288   1.041942e+00   1.115227e+00   1.007172e+00   1.265603e+00   1.052604e+00   1.020200e+00   1.102911e+00   1.085266e+00   1.091897e+00   1.213353e+00   1.064979e+00   1.062365e+00   1.101019e+00   1.055968e+00   1.017491e+00   1.081009e+00   1.047991e+00   1.015313e+00   1.056041e+00   1.152545e+00   576 
290   1.038548e+00   1.117544e+00   1.006687e+00   1.265497e+00   1.046167e+00   1.017293e+00   1.105259e+00   1.081228e+00   1.094172e+00   1.209303e+00   1.064104e+00   1.063937e+00   1.097749e+00   1.057247e+00   1.016979e+00   1.082307e+00   1.045979e+00   1.014296e+00   1.054251e+00   1.146796e+00   580 
290   1.035607e+00   1.118831e+00   1.004295e+00   1.268450e+00   1.041773e+00   1.013855e+00   1.110351e+00   1.081277e+00   1.094336e+00   1.209864e+00   1.063057e+00   1.063330e+00   1.101828e+00   1.060010e+00   1.018968e+00   1.081359e+00   1.046547e+00   1.015888e+00   1.055217e+00   1.140210e+00   581 
295   1.024527e+00   1.126700e+00   1.004878e+00   1.279752e+00   1.027447e+00   1.007502e+00   1.120376e+00   1.071092e+00   1.105065e+00   1.187951e+00   1.061245e+00   1.065025e+00   1.091464e+00   1.067314e+00   1.013611e+00   1.086472e+00   1.039406e+00   1.017029e+00   1.053898e+00   1.128521e+00   591 
299   1.020446e+00   1.119676e+00   1.005017e+00   1.282695e+00   1.026188e+00   1.006938e+00   1.124278e+00   1.065749e+00   1.109807e+00   1.188743e+00   1.062382e+00   1.066942e+00   1.100766e+00   1.070010e+00   1.013738e+00   1.090182e+00   1.032589e+00   1.019560e+00   1.064586e+00   1.132262e+00   598 
300   1.020234e+00   1.120372e+00   1.005336e+00   1.289066e+00   1.025071e+00   1.006782e+00   1.128494e+00   1.069861e+00   1.108740e+00   1.196472e+00   1.060991e+00   1.062712e+00   1.101939e+00   1.076311e+00   1.014669e+00   1.078523e+00   1.031482e+00   1.019371e+00   1.067297e+00   1.132361e+00   600 
300   1.020253e+00   1.120631e+00   1.005352e+00   1.289594e+00   1.025056e+00   1.006792e+00   1.128627e+00   1.070482e+00   1.108734e+00   1.196669e+00   1.060704e+00   1.062525e+00   1.101949e+00   1.076356e+00   1.014767e+00   1.077579e+00   1.031469e+00   1.019458e+00   1.066990e+00   1.132845e+00   601 
301   1.018340e+00   1.121213e+00   1.006635e+00   1.286895e+00   1.022061e+00   1.006231e+00   1.128206e+00   1.073076e+00   1.099100e+00   1.200253e+00   1.053772e+00   1.063755e+00   1.103826e+00   1.077193e+00   1.016034e+00   1.078434e+00   1.029169e+00   1.017484e+00   1.069046e+00   1.129809e+00   603 
302   1.017774e+00   1.113374e+00   1.006659e+00   1.290860e+00   1.021283e+00   1.006048e+00   1.110700e+00   1.074680e+00   1.100493e+00   1.201436e+00   1.056816e+00   1.064166e+00   1.102110e+00   1.077274e+00   1.020812e+00   1.079558e+00   1.024743e+00   1.017342e+00   1.069945e+00   1.127947e+00   604 
304   1.017775e+00   1.109811e+00   1.006095e+00   1.283335e+00   1.020681e+00   1.006199e+00   1.096506e+00   1.071516e+00   1.097089e+00   1.197411e+00   1.058420e+00   1.069128e+00   1.102901e+00   1.077988e+00   1.025693e+00   1.082055e+00   1.024842e+00   1.019710e+00   1.078734e+00   1.127996e+00   609 
305   1.017784e+00   1.109754e+00   1.006073e+00   1.283209e+00   1.020509e+00   1.006182e+00   1.096457e+00   1.071084e+00   1.096986e+00   1.197491e+00   1.058520e+00   1.069253e+00   1.102985e+00   1.078226e+00   1.025728e+00   1.082263e+00   1.024875e+00   1.019828e+00   1.079160e+00   1.127678e+00   610 
305   1.018554e+00   1.108567e+00   1.005861e+00   1.282961e+00   1.020741e+00   1.006191e+00   1.095863e+00   1.068505e+00   1.096228e+00   1.189703e+00   1.057579e+00   1.068923e+00   1.100054e+00   1.078028e+00   1.026368e+00   1.082700e+00   1.024336e+00   1.020007e+00   1.080494e+00   1.121231e+00   611 
306   1.018164e+00   1.108719e+00   1.006008e+00   1.279215e+00   1.020925e+00   1.005937e+00   1.093711e+00   1.067909e+00   1.095220e+00   1.187639e+00   1.057182e+00   1.069969e+00   1.100804e+00   1.077796e+00   1.026984e+00   1.082227e+00   1.024854e+00   1.020326e+00   1.081052e+00   1.117808e+00   612 
307   1.022355e+00   1.099064e+00   1.006214e+00   1.253551e+00   1.026604e+00   1.008786e+00   1.091392e+00   1.065184e+00   1.105129e+00   1.158169e+00   1.068341e+00   1.083270e+00   1.096033e+00   1.074832e+00   1.037117e+00   1.085357e+00   1.020290e+00   1.030609e+00   1.092912e+00   1.107548e+00   615 
308   1.022880e+00   1.098406e+00   1.006440e+00   1.254181e+00   1.026868e+00   1.009332e+00   1.089869e+00   1.063821e+00   1.106023e+00   1.161266e+00   1.069565e+00   1.084937e+00   1.095214e+00   1.075375e+00   1.037831e+00   1.084371e+00   1.019341e+00   1.032340e+00   1.094589e+00   1.104261e+00   616 
312   1.023689e+00   1.062258e+00   1.004570e+00   1.255352e+00   1.031675e+00   1.008551e+00   1.072415e+00   1.058903e+00   1.110028e+00   1.149549e+00   1.076118e+00   1.077686e+00   1.083624e+00   1.064257e+00   1.054338e+00   1.080074e+00   1.012351e+00   1.040166e+00   1.100698e+00   1.078254e+00   624 
315   1.025517e+00   1.057079e+00   1.005438e+00   1.254921e+00   1.033175e+00   1.010660e+00   1.071237e+00   1.057959e+00   1.110815e+00   1.143904e+00   1.076196e+00   1.077089e+00   1.082607e+00   1.064551e+00   1.053938e+00   1.078336e+00   1.012570e+00   1.039820e+00   1.100285e+00   1.075246e+00   630 
316   1.028133e+00   1.047771e+00   1.005731e+00   1.231537e+00   1.037333e+00   1.014115e+00   1.064209e+00   1.058896e+00   1.110814e+00   1.146302e+00   1.074205e+00   1.071337e+00   1.081693e+00   1.067499e+00   1.053401e+00   1.079053e+00   1.012399e+00   1.041097e+00   1.091676e+00   1.068356e+00   633 
317   1.027263e+00   1.042063e+00   1.005779e+00   1.229470e+00   1.035679e+00   1.014614e+00   1.063742e+00   1.055574e+00   1.114855e+00   1.144017e+00   1.089003e+00   1.066899e+00   1.067722e+00   1.064754e+00   1.053094e+00   1.069104e+00   1.014222e+00   1.042007e+00   1.094640e+00   1.069850e+00   635 
318   1.025281e+00   1.038944e+00   1.005340e+00   1.232591e+00   1.035332e+00   1.014294e+00   1.061748e+00   1.056424e+00   1.120867e+00   1.132789e+00   1.097609e+00   1.066270e+00   1.065116e+00   1.066236e+00   1.053901e+00   1.061515e+00   1.014862e+00   1.044045e+00   1.096542e+00   1.074058e+00   637 
319   1.024075e+00   1.036986e+00   1.005184e+00   1.238581e+00   1.035548e+00   1.013830e+00   1.061066e+00   1.055873e+00   1.121422e+00   1.128533e+00   1.099035e+00   1.066649e+00   1.067246e+00   1.068029e+00   1.054040e+00   1.061014e+00   1.014983e+00   1.045611e+00   1.097576e+00   1.076353e+00   639 
321   1.024752e+00   1.036010e+00   1.007019e+00   1.227526e+00   1.038986e+00   1.014420e+00   1.058149e+00   1.058804e+00   1.120234e+00   1.117493e+00   1.095581e+00   1.066703e+00   1.069123e+00   1.064567e+00   1.054441e+00   1.061682e+00   1.016778e+00   1.047647e+00   1.100975e+00   1.079140e+00   643 
323   1.024843e+00   1.035072e+00   1.007349e+00   1.229681e+00   1.039647e+00   1.014495e+00   1.055902e+00   1.058289e+00   1.119742e+00   1.113223e+00   1.094467e+00   1.067379e+00   1.070343e+00   1.066556e+00   1.052459e+00   1.062702e+00   1.017452e+00   1.047800e+00   1.101837e+00   1.079252e+00   646 
327   1.028791e+00   1.025797e+00   1.009905e+00   1.235442e+00   1.043683e+00   1.017014e+00   1.044662e+00   1.052286e+00   1.106145e+00   1.092929e+00   1.086399e+00   1.066972e+00   1.069092e+00   1.088332e+00   1.051725e+00   1.078643e+00   1.019515e+00   1.039672e+00   1.103875e+00   1.084247e+00   655 
330   1.028016e+00   1.022012e+00   1.010124e+00   1.235931e+00   1.042778e+00   1.014029e+00   1.039989e+00   1.043668e+00   1.096161e+00   1.089015e+00   1.079958e+00   1.060317e+00   1.059300e+00   1.098661e+00   1.045654e+00   1.079771e+00   1.020189e+00   1.038179e+00   1.102915e+00   1.087032e+00   661 
336   1.026398e+00   1.024137e+00   1.008351e+00   1.219353e+00   1.037960e+00   1.012606e+00   1.040649e+00   1.026678e+00   1.081326e+00   1.089671e+00   1.068283e+00   1.058146e+00   1.046595e+00   1.101382e+00   1.042853e+00   1.068444e+00   1.023671e+00   1.024046e+00   1.100359e+00   1.070001e+00   672 
337   1.028159e+00   1.020487e+00   1.006850e+00   1.218839e+00   1.037113e+00   1.012583e+00   1.032036e+00   1.023896e+00   1.073916e+00   1.070183e+00   1.053907e+00   1.051445e+00   1.045130e+00   1.098850e+00   1.039895e+00   1.068588e+00   1.020382e+00   1.023242e+00   1.085852e+00   1.066546e+00   675 
339   1.025494e+00   1.019783e+00   1.005042e+00   1.217171e+00   1.033687e+00   1.010467e+00   1.034277e+00   1.023305e+00   1.074256e+00   1.067437e+00   1.053439e+00   1.051275e+00   1.042111e+00   1.095426e+00   1.036937e+00   1.067738e+00   1.021318e+00   1.021039e+00   1.077053e+00   1.062689e+00   678 
343   1.025895e+00   1.016659e+00   1.004170e+00   1.212941e+00   1.033206e+00   1.008765e+00   1.038968e+00   1.019359e+00   1.070338e+00   1.064111e+00   1.050813e+00   1.041992e+00   1.044102e+00   1.093616e+00   1.032329e+00   1.059868e+00   1.020262e+00   1.018998e+00   1.071648e+00   1.056804e+00   686 
344   1.027121e+00   1.016615e+00   1.005108e+00   1.215876e+00   1.030969e+00   1.009008e+00   1.041423e+00   1.014723e+00   1.068053e+00   1.065404e+00   1.051442e+00   1.041424e+00   1.040743e+00   1.091850e+00   1.032535e+00   1.059984e+00   1.018601e+00   1.018953e+00   1.069177e+00   1.052715e+00   688 
344   1.027386e+00   1.016577e+00   1.005051e+00   1.216362e+00   1.030147e+00   1.009115e+00   1.042469e+00   1.013265e+00   1.067766e+00   1.065813e+00   1.051538e+00   1.041135e+00   1.039782e+00   1.090456e+00   1.032532e+00   1.059378e+00   1.018092e+00   1.018966e+00   1.067638e+00   1.051475e+00   689 
345   1.026334e+00   1.016435e+00   1.003743e+00   1.208024e+00   1.026886e+00   1.008598e+00   1.047149e+00   1.010927e+00   1.067498e+00   1.067037e+00   1.050945e+00   1.040069e+00   1.034803e+00   1.077434e+00   1.032976e+00   1.057640e+00   1.013787e+00   1.021047e+00   1.063686e+00   1.047711e+00   691 
347   1.024170e+00   1.017622e+00   1.003003e+00   1.202421e+00   1.024624e+00   1.006304e+00   1.050884e+00   1.008529e+00   1.065821e+00   1.066708e+00   1.049048e+00   1.038695e+00   1.032153e+00   1.068355e+00   1.030118e+00   1.054649e+00   1.012909e+00   1.024074e+00   1.057614e+00   1.044980e+00   695 
351   1.015718e+00   1.017270e+00   1.003363e+00   1.183110e+00   1.022825e+00   1.004146e+00   1.050864e+00   1.007405e+00   1.057068e+00   1.061541e+00   1.031642e+00   1.034277e+00   1.036966e+00   1.063073e+00   1.032542e+00   1.034849e+00   1.013492e+00   1.019230e+00   1.047105e+00   1.045458e+00   702 
351   1.014286e+00   1.016420e+00   1.003585e+00   1.178568e+00   1.021018e+00   1.003600e+00   1.049896e+00   1.007409e+00   1.055033e+00   1.060832e+00   1.029307e+00   1.033649e+00   1.035996e+00   1.063079e+00   1.033847e+00   1.032466e+00   1.014383e+00   1.017652e+00   1.045038e+00   1.045065e+00   703 
352   1.011234e+00   1.015661e+00   1.006467e+00   1.171106e+00   1.019434e+00   1.003454e+00   1.050110e+00   1.008986e+00   1.052706e+00   1.058350e+00   1.023110e+00   1.033098e+00   1.036272e+00   1.060142e+00   1.037359e+00   1.026315e+00   1.013981e+00   1.015272e+00   1.041335e+00   1.044031e+00   704 
352   1.011430e+00   1.013441e+00   1.007624e+00   1.163433e+00   1.018091e+00   1.003493e+00   1.050874e+00   1.011346e+00   1.051406e+00   1.056192e+00   1.020369e+00   1.031746e+00   1.036458e+00   1.057651e+00   1.041313e+00   1.023497e+00   1.016314e+00   1.014414e+00   1.037411e+00   1.043191e+00   705 
353   1.010857e+00   1.012495e+00   1.010215e+00   1.153957e+00   1.017030e+00   1.003413e+00   1.051980e+00   1.012982e+00   1.050042e+00   1.051549e+00   1.016343e+00   1.030204e+00   1.036814e+00   1.053039e+00   1.045422e+00   1.019487e+00   1.021846e+00   1.015045e+00   1.037443e+00   1.039694e+00   706 
353   1.010782e+00   1.012293e+00   1.010384e+00   1.150843e+00   1.016777e+00   1.003544e+00   1.050588e+00   1.012366e+00   1.049225e+00   1.051371e+00   1.016174e+00   1.030241e+00   1.036167e+00   1.052981e+00   1.046309e+00   1.018793e+00   1.022944e+00   1.014996e+00   1.036051e+00   1.038791e+00   707 
354   1.010477e+00   1.012488e+00   1.010445e+00   1.150549e+00   1.016389e+00   1.002866e+00   1.048482e+00   1.011066e+00   1.047903e+00   1.051195e+00   1.016355e+00   1.030440e+00   1.036509e+00   1.052880e+00   1.046914e+00   1.018540e+00   1.023730e+00   1.014384e+00   1.035134e+00   1.039157e+00   708 
354   1.009966e+00   1.012456e+00   1.009606e+00   1.147776e+00   1.015906e+00   1.002021e+00   1.047989e+00   1.009228e+00   1.047601e+00   1.051055e+00   1.017317e+00   1.030331e+00   1.034531e+00   1.054094e+00   1.047159e+00   1.018501e+00   1.023651e+00   1.011482e+00   1.030110e+00   1.038385e+00   709 
355   1.009902e+00   1.013469e+00   1.009105e+00   1.148833e+00   1.015182e+00   1.001258e+00   1.051523e+00   1.008923e+00   1.048966e+00   1.056151e+00   1.018120e+00   1.029824e+00   1.036204e+00   1.053790e+00   1.046023e+00   1.017888e+00   1.024917e+00   1.010538e+00   1.018022e+00   1.032369e+00   710 
355   1.010874e+00   1.009897e+00   1.008108e+00   1.123676e+00   1.015744e+00   1.001470e+00   1.024899e+00   1.057008e+00   1.079937e+00   1.045522e+00   1.014264e+00   1.071293e+00   1.033788e+00   1.045254e+00   1.047389e+00   1.027460e+00   1.038131e+00   1.060171e+00   1.060717e+00   1.022130e+00   711 
