102   1.633179e+00   1.854363e+00   1.894524e+00   1.084155e+00   1.788031e+00   1.512775e+00   1.386863e+00   3.016038e+00   8.796641e+00   1.251207e+00   1.958562e+00   1.089521e+00   1.662829e+00   1.404712e+00   1.255304e+00   1.574763e+01   3.316685e+01   1.199909e+00   1.349230e+00   1.755154e+00   204 
103   1.612012e+00   1.862874e+00   1.853203e+00   1.076740e+00   1.804571e+00   1.497849e+00   1.385026e+00   3.016525e+00   8.649243e+00   1.257964e+00   2.035047e+00   1.096741e+00   1.678593e+00   1.401961e+00   1.241878e+00   1.465230e+01   3.061403e+01   1.200147e+00   1.347444e+00   1.771774e+00   206 
113   1.434836e+00   1.669112e+00   1.285462e+00   1.039851e+00   1.593162e+00   1.266133e+00   1.490808e+00   2.246106e+00   1.721099e+00   1.194365e+00   1.547682e+00   1.221083e+00   1.490663e+00   1.274183e+00   1.345652e+00   4.021598e+00   5.141724e+00   1.186857e+00   1.258588e+00   2.052791e+00   226 
113   1.431645e+00   1.662827e+00   1.281130e+00   1.040196e+00   1.592145e+00   1.263916e+00   1.491814e+00   2.228965e+00   1.693958e+00   1.194720e+00   1.529556e+00   1.218786e+00   1.492737e+00   1.270835e+00   1.344309e+00   3.949463e+00   5.024293e+00   1.185490e+00   1.257693e+00   2.035365e+00   227 
116   1.417670e+00   1.629565e+00   1.261294e+00   1.032119e+00   1.567518e+00   1.244603e+00   1.537208e+00   2.175444e+00   1.564885e+00   1.180202e+00   1.445867e+00   1.240379e+00   1.572483e+00   1.230314e+00   1.372066e+00   3.640588e+00   4.379098e+00   1.158216e+00   1.256052e+00   1.944565e+00   233 
119   1.480143e+00   1.614363e+00   1.269381e+00   1.032464e+00   1.600944e+00   1.311508e+00   1.677308e+00   2.201022e+00   1.450549e+00   1.236654e+00   1.319490e+00   1.327379e+00   1.505631e+00   1.237647e+00   1.419756e+00   3.510400e+00   3.737535e+00   1.097232e+00   1.280817e+00   2.033586e+00   238 
119   1.482348e+00   1.606601e+00   1.272582e+00   1.031850e+00   1.603733e+00   1.313108e+00   1.679484e+00   2.211249e+00   1.448404e+00   1.235847e+00   1.315076e+00   1.330045e+00   1.500191e+00   1.235997e+00   1.420412e+00   3.467461e+00   3.721532e+00   1.095858e+00   1.283818e+00   2.025818e+00   239 
121   1.476957e+00   1.650015e+00   1.262755e+00   1.015427e+00   1.562663e+00   1.328811e+00   1.673897e+00   2.242761e+00   1.278110e+00   1.217322e+00   1.211620e+00   1.364159e+00   1.513599e+00   1.208911e+00   1.445443e+00   3.163799e+00   3.268451e+00   1.087246e+00   1.303905e+00   2.014182e+00   243 
123   1.445452e+00   1.610551e+00   1.257625e+00   1.011259e+00   1.522485e+00   1.337756e+00   1.705520e+00   2.280651e+00   1.225885e+00   1.200633e+00   1.161544e+00   1.367848e+00   1.472985e+00   1.194054e+00   1.446547e+00   2.765014e+00   2.771743e+00   1.073261e+00   1.303864e+00   1.864189e+00   247 
124   1.438935e+00   1.596902e+00   1.253728e+00   1.011334e+00   1.512135e+00   1.332226e+00   1.697314e+00   2.297500e+00   1.214950e+00   1.193762e+00   1.162302e+00   1.357393e+00   1.463981e+00   1.194763e+00   1.447083e+00   2.720014e+00   2.715484e+00   1.071590e+00   1.303025e+00   1.852494e+00   248 
125   1.288300e+00   1.372887e+00   1.215414e+00   1.013132e+00   1.382528e+00   1.218212e+00   1.624548e+00   2.331121e+00   1.190655e+00   1.181868e+00   1.181362e+00   1.279231e+00   1.452041e+00   1.114729e+00   1.379506e+00   2.634382e+00   2.376456e+00   1.075652e+00   1.333406e+00   1.560578e+00   250 
129   1.267674e+00   1.398212e+00   1.211074e+00   1.022881e+00   1.318545e+00   1.215276e+00   1.772400e+00   2.527449e+00   1.206652e+00   1.223689e+00   1.182467e+00   1.309025e+00   1.498495e+00   1.143578e+00   1.490994e+00   2.154128e+00   1.915130e+00   1.092556e+00   1.306784e+00   1.462401e+00   258 
132   1.255508e+00   1.415051e+00   1.196873e+00   1.019474e+00   1.300563e+00   1.193164e+00   1.771681e+00   2.456518e+00   1.216476e+00   1.217602e+00   1.188717e+00   1.306241e+00   1.476920e+00   1.150251e+00   1.488521e+00   2.041546e+00   1.819134e+00   1.098864e+00   1.281842e+00   1.473098e+00   264 
133   1.254038e+00   1.419863e+00   1.184693e+00   1.019747e+00   1.297147e+00   1.196465e+00   1.723656e+00   2.403532e+00   1.184861e+00   1.215470e+00   1.183792e+00   1.288388e+00   1.403490e+00   1.150879e+00   1.467158e+00   1.930365e+00   1.697236e+00   1.099606e+00   1.268951e+00   1.465065e+00   266 
133   1.240649e+00   1.399571e+00   1.184166e+00   1.019369e+00   1.269733e+00   1.193212e+00   1.623028e+00   2.304538e+00   1.167997e+00   1.196429e+00   1.160182e+00   1.290129e+00   1.387266e+00   1.129228e+00   1.448579e+00   1.901682e+00   1.680076e+00   1.094540e+00   1.211937e+00   1.465315e+00   267 
137   1.198617e+00   1.422896e+00   1.218402e+00   1.029861e+00   1.272415e+00   1.167740e+00   1.693163e+00   2.143083e+00   1.162310e+00   1.135990e+00   1.145857e+00   1.358182e+00   1.303454e+00   1.123448e+00   1.348160e+00   1.790408e+00   1.668422e+00   1.096429e+00   1.112410e+00   1.521984e+00   275 
139   1.181188e+00   1.440017e+00   1.212351e+00   1.032737e+00   1.239183e+00   1.171714e+00   1.695049e+00   2.132339e+00   1.167949e+00   1.130370e+00   1.158852e+00   1.380391e+00   1.319750e+00   1.125879e+00   1.341925e+00   1.814112e+00   1.643726e+00   1.096627e+00   1.098040e+00   1.577249e+00   278 
142   1.132159e+00   1.453576e+00   1.206808e+00   1.094781e+00   1.077068e+00   1.171241e+00   1.587076e+00   1.907638e+00   1.103939e+00   1.119186e+00   1.100154e+00   1.212134e+00   1.152285e+00   1.174362e+00   1.267680e+00   1.929084e+00   1.332061e+00   1.086966e+00   1.070534e+00   1.589992e+00   284 
143   1.131476e+00   1.474338e+00   1.206114e+00   1.099457e+00   1.072538e+00   1.178884e+00   1.572032e+00   1.916297e+00   1.107698e+00   1.138772e+00   1.114570e+00   1.223271e+00   1.152180e+00   1.177721e+00   1.272098e+00   1.946803e+00   1.326635e+00   1.090148e+00   1.073872e+00   1.592819e+00   287 
150   1.102833e+00   1.518424e+00   1.172489e+00   1.088763e+00   1.039588e+00   1.149115e+00   1.452387e+00   1.864707e+00   1.052895e+00   1.168911e+00   1.100795e+00   1.178362e+00   1.138489e+00   1.116622e+00   1.244628e+00   1.884119e+00   1.273930e+00   1.105931e+00   1.063372e+00   1.375778e+00   301 
151   1.098898e+00   1.515655e+00   1.182400e+00   1.067629e+00   1.036313e+00   1.139718e+00   1.428116e+00   1.846781e+00   1.052476e+00   1.157412e+00   1.101342e+00   1.164598e+00   1.143871e+00   1.133123e+00   1.225995e+00   1.827039e+00   1.265329e+00   1.102594e+00   1.061498e+00   1.370650e+00   303 
152   1.087743e+00   1.499279e+00   1.187002e+00   1.062685e+00   1.034079e+00   1.117655e+00   1.434470e+00   1.806190e+00   1.060689e+00   1.153876e+00   1.103045e+00   1.152331e+00   1.127326e+00   1.159575e+00   1.221642e+00   1.676523e+00   1.260739e+00   1.081687e+00   1.056456e+00   1.345827e+00   304 
153   1.069981e+00   1.476860e+00   1.187653e+00   1.033912e+00   1.028506e+00   1.092614e+00   1.395631e+00   1.795135e+00   1.067242e+00   1.145157e+00   1.101981e+00   1.147905e+00   1.108109e+00   1.199542e+00   1.158651e+00   1.567975e+00   1.260247e+00   1.085999e+00   1.056640e+00   1.307568e+00   306 
153   1.066353e+00   1.474059e+00   1.184282e+00   1.034571e+00   1.026799e+00   1.086979e+00   1.396744e+00   1.790856e+00   1.070883e+00   1.147934e+00   1.102894e+00   1.150910e+00   1.105062e+00   1.199615e+00   1.157894e+00   1.553840e+00   1.252105e+00   1.083793e+00   1.056695e+00   1.292793e+00   307 
156   1.041085e+00   1.413405e+00   1.133235e+00   1.031458e+00   1.012340e+00   1.074378e+00   1.419651e+00   1.765293e+00   1.045836e+00   1.162090e+00   1.098892e+00   1.141846e+00   1.132498e+00   1.225692e+00   1.159848e+00   1.426758e+00   1.219822e+00   1.092982e+00   1.022699e+00   1.216375e+00   313 
157   1.048589e+00   1.396469e+00   1.132845e+00   1.030768e+00   1.011055e+00   1.075080e+00   1.407039e+00   1.743504e+00   1.039580e+00   1.156443e+00   1.100682e+00   1.145896e+00   1.139013e+00   1.221902e+00   1.171670e+00   1.402680e+00   1.205019e+00   1.092116e+00   1.026738e+00   1.190409e+00   314 
158   1.043709e+00   1.388745e+00   1.128897e+00   1.030556e+00   1.008638e+00   1.067014e+00   1.409612e+00   1.743157e+00   1.037412e+00   1.161401e+00   1.098983e+00   1.149102e+00   1.144524e+00   1.222464e+00   1.173491e+00   1.385179e+00   1.200312e+00   1.095411e+00   1.029812e+00   1.167954e+00   316 
159   1.043777e+00   1.376511e+00   1.126025e+00   1.031668e+00   1.008859e+00   1.063582e+00   1.410158e+00   1.732311e+00   1.035779e+00   1.162367e+00   1.097464e+00   1.147805e+00   1.143836e+00   1.223861e+00   1.175035e+00   1.362483e+00   1.189230e+00   1.099457e+00   1.031719e+00   1.158258e+00   319 
160   1.040647e+00   1.360435e+00   1.125729e+00   1.033774e+00   1.012147e+00   1.060110e+00   1.417552e+00   1.712674e+00   1.040497e+00   1.138655e+00   1.112469e+00   1.142506e+00   1.155801e+00   1.213480e+00   1.173029e+00   1.350996e+00   1.171551e+00   1.086842e+00   1.022112e+00   1.155290e+00   320 
161   1.028721e+00   1.347346e+00   1.114037e+00   1.050530e+00   1.011337e+00   1.057069e+00   1.395116e+00   1.725136e+00   1.035687e+00   1.123839e+00   1.060758e+00   1.144599e+00   1.191146e+00   1.214535e+00   1.174351e+00   1.320301e+00   1.174808e+00   1.100251e+00   1.013886e+00   1.141399e+00   323 
162   1.027357e+00   1.325761e+00   1.105678e+00   1.050241e+00   1.010754e+00   1.055168e+00   1.397066e+00   1.712684e+00   1.034646e+00   1.123583e+00   1.061048e+00   1.139571e+00   1.195563e+00   1.203769e+00   1.174279e+00   1.298811e+00   1.166772e+00   1.105047e+00   1.013936e+00   1.133348e+00   325 
164   1.023870e+00   1.277614e+00   1.090714e+00   1.054121e+00   1.010739e+00   1.047090e+00   1.392402e+00   1.671395e+00   1.027503e+00   1.125945e+00   1.056325e+00   1.137761e+00   1.214416e+00   1.188911e+00   1.179256e+00   1.197174e+00   1.148139e+00   1.114498e+00   1.014775e+00   1.100964e+00   329 
165   1.019848e+00   1.277887e+00   1.091799e+00   1.052757e+00   1.011405e+00   1.039760e+00   1.399741e+00   1.669062e+00   1.026646e+00   1.130617e+00   1.057064e+00   1.140256e+00   1.215205e+00   1.188200e+00   1.183904e+00   1.190344e+00   1.140815e+00   1.114720e+00   1.015513e+00   1.092285e+00   331 
169   1.013267e+00   1.260102e+00   1.090073e+00   1.049991e+00   1.012909e+00   1.032165e+00   1.429880e+00   1.638847e+00   1.023639e+00   1.139265e+00   1.052051e+00   1.154341e+00   1.230757e+00   1.161881e+00   1.179108e+00   1.159604e+00   1.135937e+00   1.122431e+00   1.011857e+00   1.085223e+00   338 
169   1.014154e+00   1.250512e+00   1.087837e+00   1.049189e+00   1.013499e+00   1.031275e+00   1.431476e+00   1.624767e+00   1.022438e+00   1.139888e+00   1.049186e+00   1.153954e+00   1.225098e+00   1.154445e+00   1.180794e+00   1.158933e+00   1.128963e+00   1.123582e+00   1.011610e+00   1.085838e+00   339 
171   1.011236e+00   1.227664e+00   1.074105e+00   1.051123e+00   1.011171e+00   1.030603e+00   1.422970e+00   1.578498e+00   1.021574e+00   1.146994e+00   1.048067e+00   1.153605e+00   1.189472e+00   1.138134e+00   1.191320e+00   1.154419e+00   1.113717e+00   1.135173e+00   1.012634e+00   1.084454e+00   342 
176   1.010076e+00   1.189196e+00   1.086888e+00   1.041530e+00   1.020970e+00   1.014974e+00   1.417444e+00   1.393137e+00   1.032343e+00   1.196057e+00   1.058947e+00   1.183439e+00   1.151865e+00   1.158733e+00   1.154876e+00   1.151612e+00   1.097446e+00   1.151267e+00   1.028263e+00   1.062266e+00   353 
178   1.013150e+00   1.169115e+00   1.089894e+00   1.039429e+00   1.028709e+00   1.016098e+00   1.398593e+00   1.354053e+00   1.032406e+00   1.212858e+00   1.054969e+00   1.207839e+00   1.132829e+00   1.166216e+00   1.144179e+00   1.148661e+00   1.099219e+00   1.155528e+00   1.032884e+00   1.057915e+00   356 
179   1.015395e+00   1.162764e+00   1.088550e+00   1.043091e+00   1.030208e+00   1.020588e+00   1.350108e+00   1.353540e+00   1.034622e+00   1.189306e+00   1.053751e+00   1.224608e+00   1.127415e+00   1.163203e+00   1.112696e+00   1.151447e+00   1.103703e+00   1.137851e+00   1.035254e+00   1.058236e+00   358 
180   1.014714e+00   1.154110e+00   1.083161e+00   1.045234e+00   1.039550e+00   1.030010e+00   1.341730e+00   1.325689e+00   1.027937e+00   1.166630e+00   1.037750e+00   1.210721e+00   1.131176e+00   1.167556e+00   1.114503e+00   1.133604e+00   1.091882e+00   1.124087e+00   1.039587e+00   1.033283e+00   361 
185   1.030703e+00   1.173330e+00   1.131322e+00   1.054569e+00   1.069795e+00   1.045839e+00   1.357278e+00   1.325443e+00   1.018033e+00   1.102211e+00   1.014925e+00   1.100015e+00   1.127200e+00   1.107769e+00   1.087547e+00   1.124531e+00   1.075208e+00   1.103466e+00   1.016257e+00   1.024631e+00   370 
185   1.031896e+00   1.161828e+00   1.128675e+00   1.056055e+00   1.068594e+00   1.044349e+00   1.352453e+00   1.322937e+00   1.017272e+00   1.100323e+00   1.012166e+00   1.100738e+00   1.132565e+00   1.090932e+00   1.090238e+00   1.118421e+00   1.068492e+00   1.091991e+00   1.020845e+00   1.024102e+00   371 
188   1.036254e+00   1.142593e+00   1.113158e+00   1.062219e+00   1.056041e+00   1.044596e+00   1.308041e+00   1.297859e+00   1.021092e+00   1.073940e+00   1.016021e+00   1.109174e+00   1.128005e+00   1.087016e+00   1.071344e+00   1.134600e+00   1.061608e+00   1.072568e+00   1.023905e+00   1.016929e+00   377 
190   1.037505e+00   1.135580e+00   1.110636e+00   1.062148e+00   1.056277e+00   1.046249e+00   1.300106e+00   1.287437e+00   1.022866e+00   1.067336e+00   1.015132e+00   1.109029e+00   1.121945e+00   1.082177e+00   1.071842e+00   1.132637e+00   1.062928e+00   1.076067e+00   1.025164e+00   1.016722e+00   380 
191   1.043068e+00   1.092178e+00   1.092521e+00   1.060988e+00   1.058269e+00   1.048620e+00   1.298790e+00   1.284426e+00   1.019670e+00   1.065556e+00   1.021931e+00   1.107557e+00   1.099648e+00   1.055725e+00   1.088516e+00   1.106164e+00   1.059441e+00   1.096987e+00   1.038099e+00   1.018933e+00   382 
192   1.044758e+00   1.080652e+00   1.085157e+00   1.055489e+00   1.064618e+00   1.053018e+00   1.297602e+00   1.282596e+00   1.021193e+00   1.065005e+00   1.035234e+00   1.104639e+00   1.073794e+00   1.043592e+00   1.100261e+00   1.104739e+00   1.059419e+00   1.108427e+00   1.043891e+00   1.021900e+00   384 
194   1.044248e+00   1.081042e+00   1.083884e+00   1.061405e+00   1.063683e+00   1.052728e+00   1.271498e+00   1.273568e+00   1.023959e+00   1.061419e+00   1.038854e+00   1.101133e+00   1.074452e+00   1.042651e+00   1.107071e+00   1.104314e+00   1.064763e+00   1.106112e+00   1.041461e+00   1.023893e+00   388 
196   1.042946e+00   1.081456e+00   1.077295e+00   1.078854e+00   1.060295e+00   1.047022e+00   1.252466e+00   1.270934e+00   1.022675e+00   1.054841e+00   1.040136e+00   1.094360e+00   1.078195e+00   1.040509e+00   1.111026e+00   1.108062e+00   1.063141e+00   1.102342e+00   1.042406e+00   1.023733e+00   392 
197   1.043077e+00   1.080681e+00   1.074131e+00   1.086684e+00   1.056914e+00   1.044909e+00   1.249864e+00   1.264152e+00   1.021093e+00   1.052084e+00   1.041630e+00   1.091122e+00   1.077821e+00   1.038676e+00   1.115104e+00   1.110234e+00   1.061352e+00   1.102159e+00   1.040858e+00   1.025986e+00   395 
202   1.053220e+00   1.083363e+00   1.063233e+00   1.102900e+00   1.049841e+00   1.037828e+00   1.231338e+00   1.214917e+00   1.016751e+00   1.032103e+00   1.046044e+00   1.075886e+00   1.079012e+00   1.022779e+00   1.105055e+00   1.123943e+00   1.051168e+00   1.116666e+00   1.045935e+00   1.021168e+00   404 
203   1.055427e+00   1.085638e+00   1.060706e+00   1.100618e+00   1.052429e+00   1.037774e+00   1.226114e+00   1.205916e+00   1.016786e+00   1.027800e+00   1.050463e+00   1.076905e+00   1.074949e+00   1.025891e+00   1.109836e+00   1.118867e+00   1.055034e+00   1.131095e+00   1.050701e+00   1.019873e+00   406 
204   1.055065e+00   1.082742e+00   1.059209e+00   1.098336e+00   1.047654e+00   1.035597e+00   1.206507e+00   1.192916e+00   1.016152e+00   1.021889e+00   1.058594e+00   1.075589e+00   1.075935e+00   1.021911e+00   1.116714e+00   1.112700e+00   1.054831e+00   1.131057e+00   1.057025e+00   1.021356e+00   409 
205   1.055003e+00   1.083668e+00   1.059230e+00   1.096063e+00   1.047759e+00   1.035703e+00   1.204166e+00   1.192862e+00   1.015545e+00   1.021193e+00   1.058962e+00   1.076355e+00   1.077071e+00   1.020959e+00   1.118151e+00   1.113970e+00   1.054866e+00   1.132467e+00   1.057987e+00   1.021167e+00   410 
208   1.059497e+00   1.086760e+00   1.061957e+00   1.087846e+00   1.049066e+00   1.034815e+00   1.210045e+00   1.192310e+00   1.014183e+00   1.021068e+00   1.060506e+00   1.078410e+00   1.077170e+00   1.019002e+00   1.122504e+00   1.115478e+00   1.053790e+00   1.141182e+00   1.064799e+00   1.019172e+00   417 
209   1.059714e+00   1.086785e+00   1.062412e+00   1.086969e+00   1.050698e+00   1.034932e+00   1.211529e+00   1.193144e+00   1.014654e+00   1.021484e+00   1.060975e+00   1.078472e+00   1.078130e+00   1.019207e+00   1.122600e+00   1.115382e+00   1.053659e+00   1.141648e+00   1.064925e+00   1.018897e+00   418 
210   1.060505e+00   1.084831e+00   1.062892e+00   1.088315e+00   1.049373e+00   1.034980e+00   1.216030e+00   1.192079e+00   1.014338e+00   1.022067e+00   1.061395e+00   1.080003e+00   1.079527e+00   1.018195e+00   1.124159e+00   1.117826e+00   1.055361e+00   1.143063e+00   1.065270e+00   1.018341e+00   420 
212   1.062463e+00   1.081748e+00   1.064023e+00   1.090463e+00   1.045781e+00   1.034154e+00   1.209438e+00   1.185503e+00   1.016116e+00   1.022447e+00   1.061247e+00   1.076200e+00   1.079902e+00   1.019296e+00   1.123377e+00   1.123655e+00   1.054046e+00   1.137454e+00   1.067110e+00   1.019547e+00   424 
212   1.061886e+00   1.081944e+00   1.063404e+00   1.092982e+00   1.043869e+00   1.034592e+00   1.208666e+00   1.185778e+00   1.015290e+00   1.022292e+00   1.060845e+00   1.077562e+00   1.075274e+00   1.021189e+00   1.123430e+00   1.123541e+00   1.053772e+00   1.127908e+00   1.067404e+00   1.020279e+00   425 
215   1.060910e+00   1.081194e+00   1.064798e+00   1.090670e+00   1.050221e+00   1.042906e+00   1.214446e+00   1.213073e+00   1.022286e+00   1.029732e+00   1.065265e+00   1.080347e+00   1.075052e+00   1.032679e+00   1.138484e+00   1.117992e+00   1.055645e+00   1.091698e+00   1.078979e+00   1.025203e+00   431 
216   1.061450e+00   1.080341e+00   1.067123e+00   1.091098e+00   1.052097e+00   1.043950e+00   1.214951e+00   1.218148e+00   1.023577e+00   1.030834e+00   1.065548e+00   1.079829e+00   1.075320e+00   1.032934e+00   1.139075e+00   1.119851e+00   1.054148e+00   1.090739e+00   1.079634e+00   1.025967e+00   433 
217   1.064193e+00   1.082221e+00   1.071393e+00   1.091707e+00   1.055779e+00   1.045606e+00   1.209195e+00   1.219748e+00   1.023724e+00   1.030883e+00   1.065991e+00   1.078082e+00   1.073052e+00   1.034393e+00   1.140257e+00   1.117920e+00   1.055080e+00   1.085419e+00   1.081545e+00   1.028858e+00   435 
219   1.066645e+00   1.084735e+00   1.074736e+00   1.087155e+00   1.057883e+00   1.045535e+00   1.209364e+00   1.219882e+00   1.025696e+00   1.032041e+00   1.066703e+00   1.074774e+00   1.075247e+00   1.033998e+00   1.139762e+00   1.114542e+00   1.054318e+00   1.084513e+00   1.080911e+00   1.030463e+00   438 
221   1.068598e+00   1.087034e+00   1.079445e+00   1.080483e+00   1.057540e+00   1.044923e+00   1.203429e+00   1.214877e+00   1.025975e+00   1.030136e+00   1.065575e+00   1.071643e+00   1.075762e+00   1.034618e+00   1.139532e+00   1.109134e+00   1.051113e+00   1.085464e+00   1.080711e+00   1.030402e+00   442 
224   1.075203e+00   1.088273e+00   1.088061e+00   1.076474e+00   1.057084e+00   1.044437e+00   1.196003e+00   1.202130e+00   1.030483e+00   1.029829e+00   1.066225e+00   1.070074e+00   1.085048e+00   1.036751e+00   1.140026e+00   1.101759e+00   1.050456e+00   1.089944e+00   1.078449e+00   1.030448e+00   448 
225   1.079319e+00   1.087273e+00   1.089866e+00   1.072914e+00   1.054667e+00   1.045017e+00   1.197334e+00   1.209258e+00   1.030527e+00   1.029475e+00   1.064623e+00   1.067123e+00   1.083982e+00   1.037152e+00   1.130615e+00   1.095392e+00   1.049194e+00   1.086175e+00   1.075416e+00   1.028273e+00   450 
228   1.097138e+00   1.111687e+00   1.111569e+00   1.059892e+00   1.052416e+00   1.056864e+00   1.226346e+00   1.216565e+00   1.031650e+00   1.038548e+00   1.056877e+00   1.053476e+00   1.088933e+00   1.040132e+00   1.109766e+00   1.070535e+00   1.027907e+00   1.071617e+00   1.078164e+00   1.021146e+00   456 
233   1.087145e+00   1.103400e+00   1.101142e+00   1.062900e+00   1.037704e+00   1.048591e+00   1.214558e+00   1.187598e+00   1.042124e+00   1.040989e+00   1.060792e+00   1.046771e+00   1.078885e+00   1.045380e+00   1.111456e+00   1.057473e+00   1.023608e+00   1.065142e+00   1.073655e+00   1.018202e+00   466 
237   1.093656e+00   1.110572e+00   1.128803e+00   1.082091e+00   1.034284e+00   1.051408e+00   1.194326e+00   1.129223e+00   1.057515e+00   1.045422e+00   1.068582e+00   1.025344e+00   1.088099e+00   1.047637e+00   1.122971e+00   1.066122e+00   1.021499e+00   1.062267e+00   1.080938e+00   1.027018e+00   474 
242   1.088271e+00   1.109366e+00   1.115838e+00   1.086775e+00   1.040272e+00   1.047922e+00   1.159517e+00   1.118052e+00   1.063991e+00   1.051796e+00   1.078701e+00   1.010970e+00   1.086146e+00   1.042030e+00   1.155333e+00   1.065716e+00   1.025201e+00   1.059585e+00   1.082868e+00   1.028677e+00   484 
243   1.094799e+00   1.111592e+00   1.124810e+00   1.083107e+00   1.041179e+00   1.053731e+00   1.147112e+00   1.115933e+00   1.067508e+00   1.050503e+00   1.081753e+00   1.008357e+00   1.089353e+00   1.040473e+00   1.160148e+00   1.063575e+00   1.024512e+00   1.054744e+00   1.086809e+00   1.030605e+00   487 
244   1.099766e+00   1.111238e+00   1.129149e+00   1.086719e+00   1.041088e+00   1.057762e+00   1.141766e+00   1.113429e+00   1.068908e+00   1.051974e+00   1.083086e+00   1.007972e+00   1.089698e+00   1.039026e+00   1.163685e+00   1.062648e+00   1.023787e+00   1.054777e+00   1.088845e+00   1.031511e+00   488 
245   1.095859e+00   1.117466e+00   1.129367e+00   1.079898e+00   1.039016e+00   1.057488e+00   1.140416e+00   1.111326e+00   1.071630e+00   1.053059e+00   1.086079e+00   1.008321e+00   1.091370e+00   1.036969e+00   1.171294e+00   1.064176e+00   1.023681e+00   1.055053e+00   1.081383e+00   1.029653e+00   491 
249   1.086322e+00   1.109987e+00   1.119692e+00   1.059339e+00   1.035641e+00   1.048948e+00   1.135043e+00   1.122483e+00   1.070410e+00   1.062477e+00   1.086075e+00   1.011588e+00   1.082959e+00   1.028086e+00   1.163462e+00   1.063549e+00   1.025481e+00   1.047293e+00   1.090033e+00   1.025862e+00   499 
250   1.080069e+00   1.114103e+00   1.115622e+00   1.059252e+00   1.031299e+00   1.044220e+00   1.136123e+00   1.120775e+00   1.072191e+00   1.062782e+00   1.084950e+00   1.013396e+00   1.081792e+00   1.029094e+00   1.164318e+00   1.062797e+00   1.029604e+00   1.045431e+00   1.089794e+00   1.025948e+00   500 
252   1.081371e+00   1.110300e+00   1.117819e+00   1.039692e+00   1.029765e+00   1.045339e+00   1.121984e+00   1.117223e+00   1.074814e+00   1.067711e+00   1.087486e+00   1.010970e+00   1.078683e+00   1.024911e+00   1.169918e+00   1.061887e+00   1.033702e+00   1.041178e+00   1.094370e+00   1.033952e+00   505 
253   1.081918e+00   1.104027e+00   1.118092e+00   1.036628e+00   1.030536e+00   1.045774e+00   1.117862e+00   1.112069e+00   1.075671e+00   1.064665e+00   1.087698e+00   1.010842e+00   1.077944e+00   1.025037e+00   1.173722e+00   1.062439e+00   1.033877e+00   1.040957e+00   1.093550e+00   1.032658e+00   506 
254   1.075755e+00   1.096374e+00   1.106508e+00   1.030881e+00   1.026886e+00   1.046321e+00   1.099424e+00   1.095073e+00   1.074837e+00   1.056939e+00   1.085214e+00   1.013370e+00   1.070947e+00   1.021770e+00   1.166333e+00   1.062334e+00   1.033040e+00   1.036601e+00   1.086016e+00   1.036538e+00   508 
254   1.074706e+00   1.094387e+00   1.106306e+00   1.029712e+00   1.026555e+00   1.046094e+00   1.092287e+00   1.092559e+00   1.074863e+00   1.054735e+00   1.081212e+00   1.014329e+00   1.071158e+00   1.021930e+00   1.165146e+00   1.060659e+00   1.031806e+00   1.034576e+00   1.082341e+00   1.037880e+00   509 
255   1.077831e+00   1.091439e+00   1.108956e+00   1.027296e+00   1.024940e+00   1.049550e+00   1.084756e+00   1.088741e+00   1.073854e+00   1.048299e+00   1.078549e+00   1.014767e+00   1.064974e+00   1.021314e+00   1.165275e+00   1.059716e+00   1.030917e+00   1.036557e+00   1.077670e+00   1.039305e+00   510 
255   1.078164e+00   1.090730e+00   1.109083e+00   1.027138e+00   1.024636e+00   1.049747e+00   1.083963e+00   1.087803e+00   1.073835e+00   1.048158e+00   1.077482e+00   1.014887e+00   1.065835e+00   1.021450e+00   1.163974e+00   1.059341e+00   1.030809e+00   1.036041e+00   1.075408e+00   1.038985e+00   511 
256   1.076843e+00   1.086918e+00   1.105399e+00   1.025763e+00   1.020404e+00   1.049034e+00   1.080254e+00   1.081275e+00   1.071427e+00   1.043066e+00   1.075007e+00   1.015353e+00   1.064937e+00   1.021637e+00   1.162957e+00   1.060909e+00   1.032411e+00   1.038350e+00   1.070293e+00   1.042119e+00   512 
256   1.072535e+00   1.085801e+00   1.101472e+00   1.025528e+00   1.019974e+00   1.048388e+00   1.080116e+00   1.078696e+00   1.071149e+00   1.042904e+00   1.074393e+00   1.015431e+00   1.067680e+00   1.019631e+00   1.162104e+00   1.060109e+00   1.033179e+00   1.040533e+00   1.063657e+00   1.042118e+00   513 
257   1.069759e+00   1.081265e+00   1.085716e+00   1.023719e+00   1.014148e+00   1.052010e+00   1.083529e+00   1.063122e+00   1.063355e+00   1.057365e+00   1.088020e+00   1.017518e+00   1.065013e+00   1.012258e+00   1.149199e+00   1.052109e+00   1.031876e+00   1.038000e+00   1.045317e+00   1.037985e+00   514 
257   1.070220e+00   1.080280e+00   1.085505e+00   1.023381e+00   1.013887e+00   1.053612e+00   1.078180e+00   1.064338e+00   1.062271e+00   1.055237e+00   1.086578e+00   1.017748e+00   1.063106e+00   1.010314e+00   1.146700e+00   1.053089e+00   1.034921e+00   1.035552e+00   1.041343e+00   1.038598e+00   515 
258   1.065731e+00   1.076129e+00   1.082110e+00   1.022333e+00   1.012790e+00   1.052016e+00   1.078328e+00   1.060645e+00   1.061341e+00   1.050816e+00   1.084878e+00   1.017595e+00   1.060696e+00   1.009819e+00   1.144881e+00   1.053025e+00   1.033692e+00   1.035723e+00   1.037033e+00   1.039766e+00   516 
258   1.067587e+00   1.070071e+00   1.083415e+00   1.019778e+00   1.011967e+00   1.053028e+00   1.078463e+00   1.055643e+00   1.063605e+00   1.048140e+00   1.083667e+00   1.018430e+00   1.061365e+00   1.010212e+00   1.143704e+00   1.052877e+00   1.030292e+00   1.036993e+00   1.036130e+00   1.040781e+00   517 
259   1.064615e+00   1.069192e+00   1.080715e+00   1.019571e+00   1.011646e+00   1.052077e+00   1.079173e+00   1.055399e+00   1.062904e+00   1.048099e+00   1.081446e+00   1.020005e+00   1.059311e+00   1.009744e+00   1.140148e+00   1.051508e+00   1.030850e+00   1.036088e+00   1.035551e+00   1.041271e+00   518 
259   1.046882e+00   1.068184e+00   1.066091e+00   1.019344e+00   1.011740e+00   1.048625e+00   1.081625e+00   1.049803e+00   1.058093e+00   1.054295e+00   1.074261e+00   1.022167e+00   1.058726e+00   1.008900e+00   1.124526e+00   1.049517e+00   1.029347e+00   1.031424e+00   1.028679e+00   1.041294e+00   519 
